AAdist A 0.000 4.000 4.000 4.000 4.000 4.000 4.000 4.000 4.000 4.000 4.000 4.000 4.000 4.000 4.000 3.000 4.000 4.000 4.000 4.000
AAdist C 4.000 0.000 4.000 4.000 4.000 4.000 4.000 4.000 4.000 4.000 4.000 4.000 4.000 4.000 4.000 4.000 4.000 4.000 4.000 4.000
AAdist D 4.000 4.000 0.000 2.000 4.000 4.000 4.000 4.000 4.000 4.000 4.000 3.000 4.000 4.000 4.000 4.000 4.000 4.000 4.000 4.000
AAdist E 4.000 4.000 2.000 0.000 4.000 4.000 4.000 4.000 3.000 4.000 4.000 4.000 4.000 2.000 4.000 4.000 4.000 4.000 4.000 4.000
AAdist F 4.000 4.000 4.000 4.000 0.000 4.000 4.000 4.000 4.000 4.000 4.000 4.000 4.000 4.000 4.000 4.000 4.000 4.000 3.000 1.000
AAdist G 4.000 4.000 4.000 4.000 4.000 0.000 4.000 4.000 4.000 4.000 4.000 4.000 4.000 4.000 4.000 4.000 4.000 4.000 4.000 4.000
AAdist H 4.000 4.000 4.000 4.000 4.000 4.000 0.000 4.000 4.000 4.000 4.000 3.000 4.000 4.000 4.000 4.000 4.000 4.000 4.000 2.000
AAdist I 4.000 4.000 4.000 4.000 4.000 4.000 4.000 0.000 4.000 2.000 3.000 4.000 4.000 4.000 4.000 4.000 4.000 1.000 4.000 4.000
AAdist K 4.000 4.000 4.000 3.000 4.000 4.000 4.000 4.000 0.000 4.000 4.000 4.000 4.000 3.000 2.000 4.000 4.000 4.000 4.000 4.000
AAdist L 4.000 4.000 4.000 4.000 4.000 4.000 4.000 2.000 4.000 0.000 2.000 4.000 4.000 4.000 4.000 4.000 4.000 3.000 4.000 4.000
AAdist M 4.000 4.000 4.000 4.000 4.000 4.000 4.000 3.000 4.000 2.000 0.000 4.000 4.000 4.000 4.000 4.000 4.000 3.000 4.000 4.000
AAdist N 4.000 4.000 3.000 4.000 4.000 4.000 3.000 4.000 4.000 4.000 4.000 0.000 4.000 4.000 4.000 3.000 4.000 4.000 4.000 4.000
AAdist P 4.000 4.000 4.000 4.000 4.000 4.000 4.000 4.000 4.000 4.000 4.000 4.000 0.000 4.000 4.000 4.000 4.000 4.000 4.000 4.000
AAdist Q 4.000 4.000 4.000 2.000 4.000 4.000 4.000 4.000 3.000 4.000 4.000 4.000 4.000 0.000 3.000 4.000 4.000 4.000 4.000 4.000
AAdist R 4.000 4.000 4.000 4.000 4.000 4.000 4.000 4.000 2.000 4.000 4.000 4.000 4.000 3.000 0.000 4.000 4.000 4.000 4.000 4.000
AAdist S 3.000 4.000 4.000 4.000 4.000 4.000 4.000 4.000 4.000 4.000 4.000 3.000 4.000 4.000 4.000 0.000 3.000 4.000 4.000 4.000
AAdist T 4.000 4.000 4.000 4.000 4.000 4.000 4.000 4.000 4.000 4.000 4.000 4.000 4.000 4.000 4.000 3.000 0.000 4.000 4.000 4.000
AAdist V 4.000 4.000 4.000 4.000 4.000 4.000 4.000 1.000 4.000 3.000 3.000 4.000 4.000 4.000 4.000 4.000 4.000 0.000 4.000 4.000
AAdist W 4.000 4.000 4.000 4.000 3.000 4.000 4.000 4.000 4.000 4.000 4.000 4.000 4.000 4.000 4.000 4.000 4.000 4.000 0.000 2.000
AAdist Y 4.000 4.000 4.000 4.000 1.000 4.000 2.000 4.000 4.000 4.000 4.000 4.000 4.000 4.000 4.000 4.000 4.000 4.000 2.000 0.000
num_VA_genes 56
VAdist TRAV10*01 0.000 66.000 57.000 58.000 54.000 61.000 71.000 72.000 70.000 60.000 68.000 70.000 53.000 56.000 78.000 53.000 55.000 62.000 77.000 77.000 61.000 78.000 72.000 70.000 64.000 53.000 65.000 59.000 62.000 73.000 73.000 70.000 72.000 71.000 68.000 68.000 80.000 69.000 61.000 62.000 62.000 66.000 58.000 65.000 61.000 72.000 62.000 74.000 73.000 74.000 73.000 73.000 70.000 61.000 63.000 62.000
VAdist TRAV12*01 66.000 0.000 60.000 60.000 62.000 60.000 70.000 72.000 66.000 50.000 65.000 69.000 63.000 51.000 60.000 56.000 64.000 62.000 74.000 70.000 65.000 67.000 57.000 76.000 62.000 38.000 52.000 48.000 46.000 73.000 66.000 70.000 68.000 75.000 70.000 74.000 72.000 63.000 61.000 63.000 63.000 61.000 60.000 60.000 60.000 60.000 63.000 76.000 76.000 73.000 75.000 77.000 68.000 73.000 72.000 65.000
VAdist TRAV13-1*01 57.000 60.000 0.000 16.000 15.000 21.000 58.000 58.000 56.000 54.000 53.000 60.000 40.000 56.000 66.000 64.000 20.000 40.000 68.000 63.000 40.000 68.000 66.000 67.000 63.000 61.000 67.000 60.000 56.000 62.000 57.000 56.000 55.000 60.000 53.000 59.000 82.000 31.000 31.000 28.000 27.000 35.000 30.000 41.000 28.000 34.000 29.000 66.000 67.000 67.000 67.000 62.000 57.000 58.000 58.000 57.000
VAdist TRAV13-2*01 58.000 60.000 16.000 0.000 15.000 25.000 61.000 62.000 60.000 57.000 53.000 64.000 46.000 52.000 65.000 64.000 18.000 39.000 65.000 68.000 48.000 71.000 66.000 67.000 63.000 62.000 67.000 60.000 56.000 59.000 52.000 63.000 59.000 67.000 55.000 62.000 82.000 36.000 28.000 29.000 28.000 35.000 32.000 41.000 32.000 39.000 24.000 67.000 68.000 68.000 67.000 64.000 57.000 59.000 58.000 57.000
VAdist TRAV13-3*01 54.000 62.000 15.000 15.000 0.000 22.000 58.000 62.000 60.000 57.000 58.000 64.000 44.000 55.000 67.000 64.000 14.000 44.000 67.000 67.000 47.000 70.000 66.000 66.000 63.000 58.000 67.000 53.000 56.000 63.000 56.000 62.000 60.000 66.000 56.000 63.000 82.000 36.000 31.000 26.000 25.000 31.000 29.000 42.000 27.000 39.000 26.000 67.000 68.000 63.000 64.000 63.000 57.000 59.000 58.000 57.000
VAdist TRAV13-4*01 61.000 60.000 21.000 25.000 22.000 0.000 54.000 58.000 60.000 50.000 57.000 57.000 41.000 52.000 67.000 63.000 27.000 52.000 64.000 60.000 48.000 64.000 65.000 62.000 62.000 61.000 66.000 53.000 56.000 69.000 62.000 65.000 62.000 69.000 62.000 68.000 82.000 40.000 35.000 32.000 31.000 40.000 31.000 38.000 39.000 43.000 35.000 67.000 71.000 63.000 67.000 63.000 57.000 59.000 58.000 58.000
VAdist TRAV14-1*01 71.000 70.000 58.000 61.000 58.000 54.000 0.000 11.000 64.000 68.000 59.000 33.000 68.000 70.000 63.000 76.000 64.000 70.000 40.000 35.000 68.000 67.000 77.000 66.000 78.000 72.000 78.000 72.000 70.000 66.000 59.000 63.000 63.000 71.000 59.000 61.000 78.000 64.000 67.000 61.000 60.000 60.000 68.000 71.000 63.000 67.000 60.000 68.000 62.000 65.000 58.000 65.000 70.000 72.000 71.000 67.000
VAdist TRAV14-2*01 72.000 72.000 58.000 62.000 62.000 58.000 11.000 0.000 64.000 69.000 59.000 33.000 67.000 72.000 64.000 79.000 68.000 70.000 37.000 32.000 68.000 66.000 77.000 65.000 74.000 69.000 78.000 80.000 70.000 67.000 60.000 63.000 63.000 71.000 59.000 61.000 82.000 64.000 63.000 65.000 64.000 64.000 68.000 71.000 67.000 67.000 64.000 68.000 66.000 69.000 66.000 65.000 71.000 73.000 72.000 68.000
VAdist TRAV16*01 70.000 66.000 56.000 60.000 60.000 60.000 64.000 64.000 0.000 70.000 57.000 70.000 66.000 63.000 68.000 68.000 64.000 67.000 76.000 71.000 70.000 63.000 58.000 63.000 56.000 62.000 60.000 59.000 55.000 61.000 57.000 60.000 61.000 64.000 53.000 57.000 65.000 58.000 64.000 61.000 58.000 61.000 62.000 65.000 61.000 58.000 58.000 61.000 51.000 59.000 55.000 43.000 58.000 54.000 54.000 54.000
VAdist TRAV17*01 60.000 50.000 54.000 57.000 57.000 50.000 68.000 69.000 70.000 0.000 63.000 67.000 50.000 59.000 77.000 61.000 58.000 57.000 79.000 75.000 50.000 77.000 60.000 59.000 64.000 52.000 56.000 48.000 52.000 73.000 72.000 68.000 68.000 69.000 68.000 65.000 80.000 65.000 55.000 63.000 63.000 57.000 63.000 58.000 63.000 66.000 63.000 74.000 74.000 74.000 74.000 77.000 64.000 69.000 64.000 63.000
VAdist TRAV18*01 68.000 65.000 53.000 53.000 58.000 57.000 59.000 59.000 57.000 63.000 0.000 62.000 58.000 60.000 73.000 67.000 59.000 51.000 63.000 62.000 62.000 73.000 62.000 56.000 69.000 66.000 75.000 73.000 64.000 45.000 34.000 34.000 29.000 41.000 29.000 25.000 73.000 59.000 55.000 59.000 58.000 59.000 58.000 58.000 59.000 62.000 54.000 56.000 60.000 52.000 60.000 52.000 52.000 52.000 52.000 49.000
VAdist TRAV19*01 70.000 69.000 60.000 64.000 64.000 57.000 33.000 33.000 70.000 67.000 62.000 0.000 64.000 71.000 68.000 80.000 69.000 69.000 44.000 40.000 68.000 72.000 79.000 60.000 79.000 71.000 80.000 78.000 72.000 72.000 65.000 69.000 66.000 77.000 65.000 67.000 84.000 65.000 62.000 67.000 65.000 65.000 66.000 67.000 66.000 68.000 66.000 66.000 68.000 66.000 68.000 61.000 75.000 77.000 76.000 72.000
VAdist TRAV23*01 53.000 63.000 40.000 46.000 44.000 41.000 68.000 67.000 66.000 50.000 58.000 64.000 0.000 66.000 68.000 65.000 44.000 52.000 71.000 70.000 59.000 64.000 65.000 58.000 67.000 54.000 69.000 57.000 61.000 64.000 62.000 60.000 59.000 61.000 61.000 61.000 82.000 45.000 41.000 48.000 45.000 42.000 40.000 40.000 41.000 48.000 46.000 62.000 66.000 62.000 66.000 61.000 62.000 59.000 59.000 59.000
VAdist TRAV24*01 56.000 51.000 56.000 52.000 55.000 52.000 70.000 72.000 63.000 59.000 60.000 71.000 66.000 0.000 71.000 66.000 57.000 57.000 76.000 76.000 50.000 80.000 44.000 66.000 57.000 56.000 54.000 59.000 54.000 69.000 55.000 62.000 61.000 69.000 61.000 74.000 79.000 55.000 51.000 52.000 50.000 54.000 46.000 53.000 50.000 55.000 50.000 75.000 75.000 75.000 74.000 72.000 64.000 63.000 63.000 57.000
VAdist TRAV26*01 78.000 60.000 66.000 65.000 67.000 67.000 63.000 64.000 68.000 77.000 73.000 68.000 68.000 71.000 0.000 68.000 65.000 65.000 68.000 67.000 71.000 27.000 68.000 74.000 67.000 61.000 66.000 65.000 66.000 65.000 65.000 74.000 69.000 78.000 69.000 69.000 71.000 64.000 68.000 66.000 63.000 64.000 70.000 72.000 65.000 64.000 64.000 75.000 79.000 75.000 78.000 78.000 74.000 72.000 71.000 71.000
VAdist TRAV28*01 53.000 56.000 64.000 64.000 64.000 63.000 76.000 79.000 68.000 61.000 67.000 80.000 65.000 66.000 68.000 0.000 64.000 66.000 82.000 82.000 68.000 72.000 49.000 77.000 53.000 47.000 46.000 48.000 44.000 75.000 72.000 71.000 71.000 71.000 71.000 74.000 65.000 64.000 61.000 59.000 57.000 63.000 64.000 67.000 63.000 67.000 57.000 71.000 69.000 70.000 69.000 73.000 72.000 68.000 74.000 72.000
VAdist TRAV32*01 55.000 64.000 20.000 18.000 14.000 27.000 64.000 68.000 64.000 58.000 59.000 69.000 44.000 57.000 65.000 64.000 0.000 36.000 70.000 65.000 53.000 69.000 64.000 66.000 65.000 59.000 67.000 54.000 60.000 65.000 62.000 68.000 66.000 68.000 62.000 65.000 82.000 37.000 29.000 31.000 26.000 33.000 30.000 43.000 29.000 40.000 24.000 62.000 63.000 59.000 59.000 66.000 59.000 61.000 60.000 59.000
VAdist TRAV37*01 62.000 62.000 40.000 39.000 44.000 52.000 70.000 70.000 67.000 57.000 51.000 69.000 52.000 57.000 65.000 66.000 36.000 0.000 73.000 68.000 55.000 69.000 68.000 71.000 66.000 61.000 66.000 66.000 65.000 61.000 60.000 64.000 62.000 64.000 60.000 62.000 81.000 42.000 35.000 44.000 43.000 42.000 44.000 43.000 29.000 45.000 39.000 54.000 60.000 60.000 60.000 66.000 64.000 68.000 67.000 64.000
VAdist TRAV38-1*01 77.000 74.000 68.000 65.000 67.000 64.000 40.000 37.000 76.000 79.000 63.000 44.000 71.000 76.000 68.000 82.000 70.000 73.000 0.000 11.000 75.000 62.000 78.000 68.000 81.000 77.000 82.000 82.000 81.000 69.000 65.000 68.000 65.000 72.000 65.000 64.000 82.000 71.000 71.000 72.000 71.000 71.000 71.000 74.000 74.000 68.000 72.000 69.000 74.000 69.000 74.000 66.000 69.000 73.000 69.000 66.000
VAdist TRAV38-2*01 77.000 70.000 63.000 68.000 67.000 60.000 35.000 32.000 71.000 75.000 62.000 40.000 70.000 76.000 67.000 82.000 65.000 68.000 11.000 0.000 75.000 59.000 74.000 68.000 81.000 77.000 82.000 82.000 81.000 68.000 64.000 68.000 65.000 72.000 64.000 62.000 82.000 70.000 71.000 71.000 70.000 70.000 71.000 74.000 73.000 67.000 71.000 64.000 68.000 64.000 68.000 65.000 69.000 73.000 69.000 66.000
VAdist TRAV39*01 61.000 65.000 40.000 48.000 47.000 48.000 68.000 68.000 70.000 50.000 62.000 68.000 59.000 50.000 71.000 68.000 53.000 55.000 75.000 75.000 0.000 73.000 56.000 68.000 53.000 63.000 64.000 65.000 60.000 69.000 64.000 57.000 59.000 61.000 60.000 71.000 80.000 48.000 44.000 47.000 51.000 43.000 53.000 54.000 46.000 51.000 51.000 70.000 67.000 71.000 67.000 62.000 62.000 69.000 65.000 65.000
VAdist TRAV4*01 78.000 67.000 68.000 71.000 70.000 64.000 67.000 66.000 63.000 77.000 73.000 72.000 64.000 80.000 27.000 72.000 69.000 69.000 62.000 59.000 73.000 0.000 72.000 70.000 71.000 68.000 69.000 65.000 69.000 68.000 72.000 74.000 69.000 74.000 72.000 72.000 68.000 65.000 70.000 70.000 70.000 70.000 68.000 70.000 70.000 65.000 71.000 76.000 79.000 76.000 79.000 76.000 71.000 68.000 67.000 72.000
VAdist TRAV41*01 72.000 57.000 66.000 66.000 66.000 65.000 77.000 77.000 58.000 60.000 62.000 79.000 65.000 44.000 68.000 49.000 64.000 68.000 78.000 74.000 56.000 72.000 0.000 67.000 39.000 49.000 40.000 50.000 46.000 67.000 57.000 60.000 59.000 63.000 59.000 69.000 67.000 58.000 63.000 56.000 58.000 60.000 62.000 63.000 65.000 58.000 58.000 67.000 66.000 67.000 66.000 74.000 63.000 63.000 62.000 60.000
VAdist TRAV42*01 70.000 76.000 67.000 67.000 66.000 62.000 66.000 65.000 63.000 59.000 56.000 60.000 58.000 66.000 74.000 77.000 66.000 71.000 68.000 68.000 68.000 70.000 67.000 0.000 69.000 70.000 67.000 71.000 67.000 64.000 58.000 63.000 60.000 67.000 56.000 64.000 82.000 65.000 60.000 63.000 64.000 64.000 64.000 64.000 68.000 65.000 65.000 55.000 60.000 51.000 60.000 56.000 68.000 68.000 64.000 71.000
VAdist TRAV43-1*01 64.000 62.000 63.000 63.000 63.000 62.000 78.000 74.000 56.000 64.000 69.000 79.000 67.000 57.000 67.000 53.000 65.000 66.000 81.000 81.000 53.000 71.000 39.000 69.000 0.000 46.000 33.000 50.000 38.000 63.000 68.000 67.000 67.000 63.000 63.000 73.000 72.000 58.000 57.000 53.000 55.000 58.000 59.000 61.000 62.000 61.000 55.000 69.000 69.000 69.000 69.000 69.000 66.000 64.000 63.000 67.000
VAdist TRAV43-2*01 53.000 38.000 61.000 62.000 58.000 61.000 72.000 69.000 62.000 52.000 66.000 71.000 54.000 56.000 61.000 47.000 59.000 61.000 77.000 77.000 63.000 68.000 49.000 70.000 46.000 0.000 29.000 17.000 20.000 76.000 64.000 66.000 63.000 67.000 67.000 71.000 66.000 60.000 51.000 59.000 59.000 58.000 55.000 58.000 56.000 63.000 59.000 72.000 71.000 72.000 71.000 71.000 73.000 71.000 70.000 62.000
VAdist TRAV43-3*01 65.000 52.000 67.000 67.000 67.000 66.000 78.000 78.000 60.000 56.000 75.000 80.000 69.000 54.000 66.000 46.000 67.000 66.000 82.000 82.000 64.000 69.000 40.000 67.000 33.000 29.000 0.000 27.000 22.000 73.000 67.000 73.000 69.000 65.000 73.000 80.000 63.000 65.000 62.000 60.000 60.000 65.000 64.000 69.000 68.000 65.000 60.000 72.000 68.000 72.000 68.000 72.000 70.000 71.000 70.000 71.000
VAdist TRAV43-4*01 59.000 48.000 60.000 60.000 53.000 53.000 72.000 80.000 59.000 48.000 73.000 78.000 57.000 59.000 65.000 48.000 54.000 66.000 82.000 82.000 65.000 65.000 50.000 71.000 50.000 17.000 27.000 0.000 21.000 72.000 67.000 67.000 64.000 64.000 68.000 72.000 63.000 59.000 60.000 54.000 54.000 60.000 54.000 63.000 57.000 60.000 54.000 75.000 71.000 71.000 67.000 74.000 66.000 67.000 66.000 63.000
VAdist TRAV43-5*01 62.000 46.000 56.000 56.000 56.000 56.000 70.000 70.000 55.000 52.000 64.000 72.000 61.000 54.000 66.000 44.000 60.000 65.000 81.000 81.000 60.000 69.000 46.000 67.000 38.000 20.000 22.000 21.000 0.000 71.000 68.000 68.000 67.000 67.000 67.000 77.000 63.000 55.000 52.000 53.000 53.000 58.000 53.000 59.000 57.000 58.000 53.000 72.000 68.000 72.000 68.000 68.000 68.000 69.000 68.000 69.000
VAdist TRAV45-1*01 73.000 73.000 62.000 59.000 63.000 69.000 66.000 67.000 61.000 73.000 45.000 72.000 64.000 69.000 65.000 75.000 65.000 61.000 69.000 68.000 69.000 68.000 67.000 64.000 63.000 76.000 73.000 72.000 71.000 0.000 24.000 30.000 24.000 22.000 20.000 27.000 69.000 57.000 61.000 58.000 57.000 57.000 61.000 61.000 55.000 58.000 56.000 63.000 65.000 63.000 64.000 68.000 54.000 55.000 54.000 55.000
VAdist TRAV45-2*01 73.000 66.000 57.000 52.000 56.000 62.000 59.000 60.000 57.000 72.000 34.000 65.000 62.000 55.000 65.000 72.000 62.000 60.000 65.000 64.000 64.000 72.000 57.000 58.000 68.000 64.000 67.000 67.000 68.000 24.000 0.000 24.000 16.000 28.000 16.000 30.000 69.000 52.000 54.000 51.000 50.000 50.000 54.000 54.000 50.000 52.000 49.000 59.000 58.000 56.000 57.000 61.000 53.000 54.000 53.000 50.000
VAdist TRAV45-3*01 70.000 70.000 56.000 63.000 62.000 65.000 63.000 63.000 60.000 68.000 34.000 69.000 60.000 62.000 74.000 71.000 68.000 64.000 68.000 68.000 57.000 74.000 60.000 63.000 67.000 66.000 73.000 67.000 68.000 30.000 24.000 0.000 14.000 12.000 16.000 30.000 69.000 55.000 57.000 58.000 57.000 57.000 56.000 57.000 53.000 56.000 57.000 64.000 65.000 63.000 65.000 64.000 49.000 52.000 53.000 46.000
VAdist TRAV45-4*01 72.000 68.000 55.000 59.000 60.000 62.000 63.000 63.000 61.000 68.000 29.000 66.000 59.000 61.000 69.000 71.000 66.000 62.000 65.000 65.000 59.000 69.000 59.000 60.000 67.000 63.000 69.000 64.000 67.000 24.000 16.000 14.000 0.000 18.000 12.000 26.000 65.000 54.000 54.000 55.000 54.000 54.000 54.000 54.000 52.000 55.000 53.000 61.000 65.000 60.000 65.000 61.000 49.000 52.000 53.000 46.000
VAdist TRAV45-5*01 71.000 75.000 60.000 67.000 66.000 69.000 71.000 71.000 64.000 69.000 41.000 77.000 61.000 69.000 78.000 71.000 68.000 64.000 72.000 72.000 61.000 74.000 63.000 67.000 63.000 67.000 65.000 64.000 67.000 22.000 28.000 12.000 18.000 0.000 24.000 35.000 69.000 59.000 61.000 62.000 61.000 61.000 60.000 61.000 57.000 60.000 61.000 64.000 65.000 63.000 65.000 68.000 50.000 53.000 54.000 51.000
VAdist TRAV45-6*01 68.000 70.000 53.000 55.000 56.000 62.000 59.000 59.000 53.000 68.000 29.000 65.000 61.000 61.000 69.000 71.000 62.000 60.000 65.000 64.000 60.000 72.000 59.000 56.000 63.000 67.000 73.000 68.000 67.000 20.000 16.000 16.000 12.000 24.000 0.000 18.000 65.000 52.000 53.000 51.000 50.000 50.000 54.000 54.000 50.000 53.000 49.000 60.000 61.000 60.000 61.000 60.000 49.000 48.000 49.000 46.000
VAdist TRAV45-7*01 68.000 74.000 59.000 62.000 63.000 68.000 61.000 61.000 57.000 65.000 25.000 67.000 61.000 74.000 69.000 74.000 65.000 62.000 64.000 62.000 71.000 72.000 69.000 64.000 73.000 71.000 80.000 72.000 77.000 27.000 30.000 30.000 26.000 35.000 18.000 0.000 73.000 66.000 67.000 65.000 64.000 64.000 68.000 68.000 64.000 67.000 63.000 62.000 63.000 62.000 63.000 61.000 49.000 45.000 45.000 42.000
VAdist TRAV46*01 80.000 72.000 82.000 82.000 82.000 82.000 78.000 82.000 65.000 80.000 73.000 84.000 82.000 79.000 71.000 65.000 82.000 81.000 82.000 82.000 80.000 68.000 67.000 82.000 72.000 66.000 63.000 63.000 63.000 69.000 69.000 69.000 65.000 69.000 65.000 73.000 0.000 74.000 78.000 80.000 78.000 78.000 74.000 74.000 78.000 74.000 78.000 78.000 70.000 78.000 74.000 77.000 69.000 64.000 68.000 65.000
VAdist TRAV5-1*01 69.000 63.000 31.000 36.000 36.000 40.000 64.000 64.000 58.000 65.000 59.000 65.000 45.000 55.000 64.000 64.000 37.000 42.000 71.000 70.000 48.000 65.000 58.000 65.000 58.000 60.000 65.000 59.000 55.000 57.000 52.000 55.000 54.000 59.000 52.000 66.000 74.000 0.000 32.000 25.000 20.000 32.000 15.000 22.000 29.000 3.000 24.000 60.000 65.000 65.000 65.000 60.000 63.000 64.000 64.000 63.000
VAdist TRAV5-10*01 61.000 61.000 31.000 28.000 31.000 35.000 67.000 63.000 64.000 55.000 55.000 62.000 41.000 51.000 68.000 61.000 29.000 35.000 71.000 71.000 44.000 70.000 63.000 60.000 57.000 51.000 62.000 60.000 52.000 61.000 54.000 57.000 54.000 61.000 53.000 67.000 78.000 32.000 0.000 24.000 21.000 20.000 24.000 25.000 18.000 35.000 19.000 64.000 65.000 65.000 65.000 56.000 61.000 64.000 64.000 61.000
VAdist TRAV5-2*01 62.000 63.000 28.000 29.000 26.000 32.000 61.000 65.000 61.000 63.000 59.000 67.000 48.000 52.000 66.000 59.000 31.000 44.000 72.000 71.000 47.000 70.000 56.000 63.000 53.000 59.000 60.000 54.000 53.000 58.000 51.000 58.000 55.000 62.000 51.000 65.000 80.000 25.000 24.000 0.000 7.000 21.000 21.000 30.000 22.000 28.000 11.000 66.000 65.000 64.000 61.000 62.000 58.000 61.000 61.000 58.000
VAdist TRAV5-3*01 62.000 63.000 27.000 28.000 25.000 31.000 60.000 64.000 58.000 63.000 58.000 65.000 45.000 50.000 63.000 57.000 26.000 43.000 71.000 70.000 51.000 70.000 58.000 64.000 55.000 59.000 60.000 54.000 53.000 57.000 50.000 57.000 54.000 61.000 50.000 64.000 78.000 20.000 21.000 7.000 0.000 18.000 16.000 25.000 19.000 23.000 4.000 61.000 64.000 59.000 60.000 60.000 58.000 60.000 60.000 58.000
VAdist TRAV5-4*01 66.000 61.000 35.000 35.000 31.000 40.000 60.000 64.000 61.000 57.000 59.000 65.000 42.000 54.000 64.000 63.000 33.000 42.000 71.000 70.000 43.000 70.000 60.000 64.000 58.000 58.000 65.000 60.000 58.000 57.000 50.000 57.000 54.000 61.000 50.000 64.000 78.000 32.000 20.000 21.000 18.000 0.000 32.000 27.000 13.000 35.000 19.000 57.000 58.000 60.000 54.000 59.000 61.000 64.000 64.000 61.000
VAdist TRAV5-5*01 58.000 60.000 30.000 32.000 29.000 31.000 68.000 68.000 62.000 63.000 58.000 66.000 40.000 46.000 70.000 64.000 30.000 44.000 71.000 71.000 53.000 68.000 62.000 64.000 59.000 55.000 64.000 54.000 53.000 61.000 54.000 56.000 54.000 60.000 54.000 68.000 74.000 15.000 24.000 21.000 16.000 32.000 0.000 13.000 28.000 18.000 20.000 62.000 70.000 66.000 70.000 62.000 56.000 56.000 57.000 56.000
VAdist TRAV5-6*01 65.000 60.000 41.000 41.000 42.000 38.000 71.000 71.000 65.000 58.000 58.000 67.000 40.000 53.000 72.000 67.000 43.000 43.000 74.000 74.000 54.000 70.000 63.000 64.000 61.000 58.000 69.000 63.000 59.000 61.000 54.000 57.000 54.000 61.000 54.000 68.000 74.000 22.000 25.000 30.000 25.000 27.000 13.000 0.000 27.000 25.000 29.000 62.000 70.000 66.000 70.000 62.000 59.000 59.000 60.000 59.000
VAdist TRAV5-7*01 61.000 60.000 28.000 32.000 27.000 39.000 63.000 67.000 61.000 63.000 59.000 66.000 41.000 50.000 65.000 63.000 29.000 29.000 74.000 73.000 46.000 70.000 65.000 68.000 62.000 56.000 68.000 57.000 57.000 55.000 50.000 53.000 52.000 57.000 50.000 64.000 78.000 29.000 18.000 22.000 19.000 13.000 28.000 27.000 0.000 32.000 20.000 59.000 58.000 60.000 54.000 59.000 61.000 64.000 64.000 61.000
VAdist TRAV5-8*01 72.000 60.000 34.000 39.000 39.000 43.000 67.000 67.000 58.000 66.000 62.000 68.000 48.000 55.000 64.000 67.000 40.000 45.000 68.000 67.000 51.000 65.000 58.000 65.000 61.000 63.000 65.000 60.000 58.000 58.000 52.000 56.000 55.000 60.000 53.000 67.000 74.000 3.000 35.000 28.000 23.000 35.000 18.000 25.000 32.000 0.000 27.000 63.000 68.000 68.000 68.000 63.000 64.000 64.000 64.000 64.000
VAdist TRAV5-9*01 62.000 63.000 29.000 24.000 26.000 35.000 60.000 64.000 58.000 63.000 54.000 66.000 46.000 50.000 64.000 57.000 24.000 39.000 72.000 71.000 51.000 71.000 58.000 65.000 55.000 59.000 60.000 54.000 53.000 56.000 49.000 57.000 53.000 61.000 49.000 63.000 78.000 24.000 19.000 11.000 4.000 19.000 20.000 29.000 20.000 27.000 0.000 62.000 64.000 60.000 60.000 61.000 58.000 60.000 60.000 58.000
VAdist TRAV8-1*01 74.000 76.000 66.000 67.000 67.000 67.000 68.000 68.000 61.000 74.000 56.000 66.000 62.000 75.000 75.000 71.000 62.000 54.000 69.000 64.000 70.000 76.000 67.000 55.000 69.000 72.000 72.000 75.000 72.000 63.000 59.000 64.000 61.000 64.000 60.000 62.000 78.000 60.000 64.000 66.000 61.000 57.000 62.000 62.000 59.000 63.000 62.000 0.000 27.000 19.000 27.000 38.000 66.000 68.000 68.000 66.000
VAdist TRAV8-2*01 73.000 76.000 67.000 68.000 68.000 71.000 62.000 66.000 51.000 74.000 60.000 68.000 66.000 75.000 79.000 69.000 63.000 60.000 74.000 68.000 67.000 79.000 66.000 60.000 69.000 71.000 68.000 71.000 68.000 65.000 58.000 65.000 65.000 65.000 61.000 63.000 70.000 65.000 65.000 65.000 64.000 58.000 70.000 70.000 58.000 68.000 64.000 27.000 0.000 25.000 4.000 28.000 64.000 67.000 67.000 60.000
VAdist TRAV8-3*01 74.000 73.000 67.000 68.000 63.000 63.000 65.000 69.000 59.000 74.000 52.000 66.000 62.000 75.000 75.000 70.000 59.000 60.000 69.000 64.000 71.000 76.000 67.000 51.000 69.000 72.000 72.000 71.000 72.000 63.000 56.000 63.000 60.000 63.000 60.000 62.000 78.000 65.000 65.000 64.000 59.000 60.000 66.000 66.000 60.000 68.000 60.000 19.000 25.000 0.000 21.000 34.000 65.000 67.000 67.000 65.000
VAdist TRAV8-4*01 73.000 75.000 67.000 67.000 64.000 67.000 58.000 66.000 55.000 74.000 60.000 68.000 66.000 74.000 78.000 69.000 59.000 60.000 74.000 68.000 67.000 79.000 66.000 60.000 69.000 71.000 68.000 67.000 68.000 64.000 57.000 65.000 65.000 65.000 61.000 63.000 74.000 65.000 65.000 61.000 60.000 54.000 70.000 70.000 54.000 68.000 60.000 27.000 4.000 21.000 0.000 32.000 64.000 67.000 67.000 64.000
VAdist TRAV8-5*01 73.000 77.000 62.000 64.000 63.000 63.000 65.000 65.000 43.000 77.000 52.000 61.000 61.000 72.000 78.000 73.000 66.000 66.000 66.000 65.000 62.000 76.000 74.000 56.000 69.000 71.000 72.000 74.000 68.000 68.000 61.000 64.000 61.000 68.000 60.000 61.000 77.000 60.000 56.000 62.000 60.000 59.000 62.000 62.000 59.000 63.000 61.000 38.000 28.000 34.000 32.000 0.000 61.000 66.000 66.000 57.000
VAdist TRAV9-1*01 70.000 68.000 57.000 57.000 57.000 57.000 70.000 71.000 58.000 64.000 52.000 75.000 62.000 64.000 74.000 72.000 59.000 64.000 69.000 69.000 62.000 71.000 63.000 68.000 66.000 73.000 70.000 66.000 68.000 54.000 53.000 49.000 49.000 50.000 49.000 49.000 69.000 63.000 61.000 58.000 58.000 61.000 56.000 59.000 61.000 64.000 58.000 66.000 64.000 65.000 64.000 61.000 0.000 24.000 12.000 15.000
VAdist TRAV9-2*01 61.000 73.000 58.000 59.000 59.000 59.000 72.000 73.000 54.000 69.000 52.000 77.000 59.000 63.000 72.000 68.000 61.000 68.000 73.000 73.000 69.000 68.000 63.000 68.000 64.000 71.000 71.000 67.000 69.000 55.000 54.000 52.000 52.000 53.000 48.000 45.000 64.000 64.000 64.000 61.000 60.000 64.000 56.000 59.000 64.000 64.000 60.000 68.000 67.000 67.000 67.000 66.000 24.000 0.000 12.000 24.000
VAdist TRAV9-3*01 63.000 72.000 58.000 58.000 58.000 58.000 71.000 72.000 54.000 64.000 52.000 76.000 59.000 63.000 71.000 74.000 60.000 67.000 69.000 69.000 65.000 67.000 62.000 64.000 63.000 70.000 70.000 66.000 68.000 54.000 53.000 53.000 53.000 54.000 49.000 45.000 68.000 64.000 64.000 61.000 60.000 64.000 57.000 60.000 64.000 64.000 60.000 68.000 67.000 67.000 67.000 66.000 12.000 12.000 0.000 19.000
VAdist TRAV9-4*01 62.000 65.000 57.000 57.000 57.000 58.000 67.000 68.000 54.000 63.000 49.000 72.000 59.000 57.000 71.000 72.000 59.000 64.000 66.000 66.000 65.000 72.000 60.000 71.000 67.000 62.000 71.000 63.000 69.000 55.000 50.000 46.000 46.000 51.000 46.000 42.000 65.000 63.000 61.000 58.000 58.000 61.000 56.000 59.000 61.000 64.000 58.000 66.000 60.000 65.000 64.000 57.000 15.000 24.000 19.000 0.000
num_VB_genes 65
VBdist TRBV1*01 0.000 55.000 66.000 64.000 61.000 62.000 65.000 63.000 67.000 67.000 66.000 58.000 65.000 61.000 58.000 58.000 61.000 65.000 67.000 65.000 67.000 71.000 67.000 67.000 58.000 67.000 67.000 59.000 59.000 60.000 59.000 59.000 58.000 60.000 61.000 60.000 60.000 59.000 59.000 63.000 59.000 60.000 58.000 54.000 53.000 54.000 57.000 54.000 56.000 58.000 53.000 58.000 57.000 54.000 67.000 66.000 67.000 67.000 67.000 67.000 67.000 67.000 67.000 67.000 67.000
VBdist TRBV10*01 55.000 0.000 58.000 55.000 60.000 49.000 49.000 58.000 63.000 63.000 62.000 58.000 57.000 62.000 57.000 56.000 55.000 38.000 45.000 40.000 44.000 61.000 58.000 55.000 58.000 58.000 58.000 53.000 53.000 52.000 56.000 56.000 60.000 53.000 53.000 58.000 56.000 53.000 56.000 57.000 53.000 40.000 30.000 26.000 29.000 30.000 34.000 34.000 35.000 36.000 25.000 36.000 33.000 27.000 58.000 59.000 62.000 62.000 62.000 62.000 54.000 58.000 54.000 54.000 58.000
VBdist TRBV12*01 66.000 58.000 0.000 49.000 46.000 59.000 39.000 33.000 56.000 56.000 40.000 42.000 40.000 45.000 41.000 41.000 40.000 56.000 55.000 55.000 60.000 54.000 36.000 36.000 64.000 34.000 35.000 42.000 42.000 45.000 46.000 42.000 46.000 47.000 50.000 51.000 47.000 42.000 42.000 43.000 42.000 55.000 54.000 51.000 51.000 57.000 54.000 53.000 53.000 55.000 55.000 60.000 54.000 53.000 35.000 34.000 31.000 31.000 34.000 34.000 35.000 35.000 35.000 35.000 31.000
VBdist TRBV13*01 64.000 55.000 49.000 0.000 48.000 58.000 52.000 43.000 67.000 67.000 49.000 55.000 48.000 52.000 54.000 50.000 53.000 51.000 50.000 57.000 55.000 64.000 45.000 42.000 59.000 42.000 42.000 30.000 29.000 33.000 36.000 36.000 41.000 30.000 31.000 37.000 33.000 30.000 32.000 33.000 30.000 59.000 56.000 56.000 56.000 61.000 56.000 61.000 61.000 59.000 56.000 59.000 56.000 61.000 53.000 51.000 53.000 53.000 49.000 51.000 49.000 53.000 49.000 49.000 53.000
VBdist TRBV18*01 61.000 60.000 46.000 48.000 0.000 53.000 51.000 53.000 67.000 67.000 37.000 27.000 32.000 32.000 26.000 37.000 37.000 55.000 56.000 55.000 57.000 62.000 51.000 51.000 59.000 50.000 50.000 50.000 49.000 50.000 49.000 50.000 54.000 54.000 50.000 56.000 52.000 50.000 49.000 50.000 50.000 54.000 54.000 52.000 52.000 56.000 51.000 54.000 55.000 53.000 56.000 57.000 54.000 54.000 47.000 47.000 41.000 41.000 47.000 47.000 47.000 47.000 47.000 47.000 43.000
VBdist TRBV19*01 62.000 49.000 59.000 58.000 53.000 0.000 51.000 55.000 67.000 67.000 58.000 54.000 54.000 54.000 54.000 57.000 55.000 42.000 47.000 32.000 37.000 60.000 49.000 48.000 63.000 52.000 52.000 56.000 55.000 52.000 56.000 50.000 54.000 55.000 57.000 56.000 52.000 53.000 52.000 53.000 53.000 48.000 49.000 49.000 52.000 47.000 52.000 48.000 48.000 48.000 52.000 46.000 52.000 48.000 51.000 51.000 51.000 51.000 50.000 51.000 46.000 51.000 50.000 46.000 51.000
VBdist TRBV2-1*01 65.000 49.000 39.000 52.000 51.000 51.000 0.000 37.000 55.000 58.000 42.000 39.000 38.000 48.000 39.000 38.000 39.000 57.000 54.000 47.000 55.000 58.000 39.000 39.000 64.000 40.000 41.000 41.000 43.000 47.000 45.000 41.000 53.000 49.000 52.000 53.000 49.000 41.000 43.000 41.000 41.000 51.000 48.000 48.000 51.000 50.000 49.000 50.000 54.000 47.000 55.000 51.000 51.000 50.000 39.000 36.000 40.000 40.000 36.000 39.000 40.000 40.000 40.000 40.000 40.000
VBdist TRBV2-2*02 63.000 58.000 33.000 43.000 53.000 55.000 37.000 0.000 66.000 69.000 44.000 49.000 47.000 45.000 49.000 48.000 48.000 52.000 53.000 55.000 55.000 64.000 44.000 40.000 60.000 36.000 37.000 36.000 36.000 39.000 40.000 36.000 40.000 40.000 41.000 44.000 40.000 36.000 36.000 36.000 36.000 58.000 58.000 59.000 59.000 62.000 58.000 61.000 60.000 59.000 59.000 61.000 58.000 61.000 38.000 38.000 39.000 39.000 33.000 37.000 39.000 38.000 38.000 39.000 39.000
VBdist TRBV20-1*01 67.000 63.000 56.000 67.000 67.000 67.000 55.000 66.000 0.000 7.000 61.000 62.000 62.000 61.000 62.000 62.000 64.000 66.000 60.000 62.000 64.000 33.000 58.000 58.000 58.000 58.000 58.000 71.000 71.000 71.000 71.000 71.000 70.000 71.000 69.000 70.000 70.000 71.000 71.000 72.000 71.000 59.000 59.000 63.000 63.000 61.000 59.000 63.000 63.000 59.000 67.000 63.000 59.000 63.000 62.000 63.000 59.000 59.000 62.000 56.000 60.000 56.000 59.000 63.000 60.000
VBdist TRBV20-2*01 67.000 63.000 56.000 67.000 67.000 67.000 58.000 69.000 7.000 0.000 61.000 62.000 62.000 61.000 62.000 62.000 64.000 66.000 57.000 62.000 64.000 37.000 58.000 58.000 58.000 58.000 58.000 71.000 71.000 71.000 71.000 71.000 70.000 71.000 69.000 70.000 70.000 71.000 71.000 72.000 71.000 59.000 59.000 63.000 63.000 61.000 59.000 63.000 63.000 59.000 67.000 63.000 59.000 63.000 59.000 63.000 59.000 59.000 59.000 56.000 60.000 56.000 59.000 63.000 60.000
VBdist TRBV21-1*01 66.000 62.000 40.000 49.000 37.000 58.000 42.000 44.000 61.000 61.000 0.000 15.000 12.000 11.000 19.000 11.000 23.000 52.000 59.000 54.000 58.000 59.000 41.000 41.000 60.000 32.000 32.000 46.000 46.000 47.000 50.000 46.000 51.000 51.000 46.000 55.000 51.000 46.000 46.000 47.000 46.000 45.000 52.000 53.000 53.000 56.000 49.000 55.000 53.000 46.000 57.000 50.000 52.000 55.000 43.000 39.000 41.000 41.000 39.000 36.000 41.000 40.000 42.000 43.000 41.000
VBdist TRBV21-2*01 58.000 58.000 42.000 55.000 27.000 54.000 39.000 49.000 62.000 62.000 15.000 0.000 19.000 10.000 4.000 13.000 22.000 52.000 60.000 49.000 58.000 59.000 42.000 42.000 63.000 36.000 37.000 46.000 46.000 50.000 48.000 46.000 54.000 54.000 50.000 58.000 54.000 46.000 46.000 47.000 46.000 50.000 49.000 49.000 49.000 53.000 45.000 51.000 55.000 46.000 53.000 50.000 49.000 51.000 43.000 39.000 41.000 41.000 42.000 40.000 41.000 41.000 43.000 43.000 41.000
VBdist TRBV21-3*01 65.000 57.000 40.000 48.000 32.000 54.000 38.000 47.000 62.000 62.000 12.000 19.000 0.000 23.000 15.000 15.000 19.000 56.000 59.000 46.000 54.000 55.000 42.000 41.000 60.000 31.000 31.000 46.000 46.000 48.000 49.000 47.000 52.000 51.000 45.000 56.000 52.000 46.000 47.000 47.000 46.000 47.000 48.000 49.000 49.000 53.000 45.000 52.000 55.000 43.000 53.000 47.000 48.000 52.000 43.000 35.000 40.000 40.000 38.000 37.000 40.000 41.000 42.000 42.000 40.000
VBdist TRBV21-4*01 61.000 62.000 45.000 52.000 32.000 54.000 48.000 45.000 61.000 61.000 11.000 10.000 23.000 0.000 14.000 17.000 26.000 52.000 59.000 56.000 58.000 59.000 41.000 41.000 62.000 33.000 33.000 52.000 52.000 53.000 56.000 52.000 54.000 54.000 44.000 58.000 54.000 52.000 52.000 53.000 52.000 44.000 51.000 54.000 54.000 57.000 47.000 56.000 55.000 45.000 58.000 51.000 51.000 56.000 40.000 36.000 38.000 38.000 36.000 33.000 38.000 37.000 39.000 40.000 38.000
VBdist TRBV21-5*01 58.000 57.000 41.000 54.000 26.000 54.000 39.000 49.000 62.000 62.000 19.000 4.000 15.000 14.000 0.000 17.000 18.000 52.000 60.000 49.000 58.000 55.000 42.000 41.000 63.000 35.000 36.000 45.000 45.000 50.000 48.000 46.000 54.000 53.000 46.000 58.000 54.000 45.000 46.000 47.000 45.000 50.000 48.000 48.000 48.000 53.000 44.000 51.000 55.000 46.000 52.000 50.000 48.000 51.000 43.000 38.000 40.000 40.000 42.000 40.000 40.000 41.000 42.000 42.000 40.000
VBdist TRBV21-6*01 58.000 56.000 41.000 50.000 37.000 57.000 38.000 48.000 62.000 62.000 11.000 13.000 15.000 17.000 17.000 0.000 15.000 52.000 60.000 52.000 58.000 59.000 42.000 42.000 63.000 33.000 33.000 46.000 46.000 47.000 48.000 46.000 51.000 51.000 50.000 55.000 51.000 46.000 46.000 47.000 46.000 47.000 49.000 49.000 49.000 53.000 45.000 51.000 55.000 43.000 53.000 47.000 49.000 51.000 42.000 35.000 40.000 40.000 38.000 36.000 40.000 40.000 42.000 42.000 40.000
VBdist TRBV21-7*01 61.000 55.000 40.000 53.000 37.000 55.000 39.000 48.000 64.000 64.000 23.000 22.000 19.000 26.000 18.000 15.000 0.000 56.000 59.000 54.000 60.000 58.000 50.000 49.000 63.000 40.000 40.000 49.000 49.000 50.000 52.000 50.000 54.000 53.000 50.000 58.000 54.000 49.000 50.000 51.000 49.000 49.000 50.000 48.000 48.000 53.000 46.000 51.000 55.000 45.000 52.000 49.000 50.000 51.000 43.000 35.000 42.000 42.000 39.000 39.000 42.000 43.000 42.000 42.000 42.000
VBdist TRBV25*01 65.000 38.000 56.000 51.000 55.000 42.000 57.000 52.000 66.000 66.000 52.000 52.000 56.000 52.000 52.000 52.000 56.000 0.000 39.000 35.000 33.000 65.000 48.000 51.000 54.000 52.000 52.000 47.000 47.000 39.000 52.000 44.000 45.000 46.000 53.000 47.000 43.000 47.000 44.000 45.000 47.000 42.000 38.000 39.000 39.000 37.000 39.000 45.000 42.000 42.000 39.000 42.000 38.000 38.000 48.000 52.000 55.000 51.000 52.000 55.000 50.000 51.000 47.000 47.000 47.000
VBdist TRBV26*01 67.000 45.000 55.000 50.000 56.000 47.000 54.000 53.000 60.000 57.000 59.000 60.000 59.000 59.000 60.000 60.000 59.000 39.000 0.000 37.000 38.000 61.000 50.000 50.000 58.000 50.000 50.000 60.000 60.000 52.000 64.000 60.000 56.000 56.000 57.000 60.000 56.000 60.000 60.000 60.000 60.000 53.000 46.000 46.000 43.000 45.000 44.000 52.000 52.000 53.000 43.000 52.000 43.000 48.000 51.000 59.000 60.000 60.000 51.000 60.000 56.000 56.000 55.000 55.000 56.000
VBdist TRBV27*01 65.000 40.000 55.000 57.000 55.000 32.000 47.000 55.000 62.000 62.000 54.000 49.000 46.000 56.000 49.000 52.000 54.000 35.000 37.000 0.000 25.000 63.000 41.000 48.000 59.000 52.000 53.000 55.000 54.000 55.000 53.000 51.000 56.000 58.000 58.000 59.000 55.000 54.000 51.000 52.000 54.000 38.000 35.000 42.000 45.000 37.000 42.000 41.000 42.000 34.000 45.000 33.000 38.000 41.000 57.000 53.000 54.000 54.000 55.000 53.000 53.000 54.000 56.000 56.000 54.000
VBdist TRBV28*01 67.000 44.000 60.000 55.000 57.000 37.000 55.000 55.000 64.000 64.000 58.000 58.000 54.000 58.000 58.000 58.000 60.000 33.000 38.000 25.000 0.000 64.000 51.000 53.000 59.000 55.000 55.000 55.000 54.000 48.000 57.000 52.000 57.000 54.000 54.000 56.000 52.000 54.000 52.000 53.000 54.000 47.000 43.000 47.000 48.000 45.000 44.000 51.000 51.000 47.000 48.000 46.000 44.000 47.000 54.000 58.000 55.000 54.000 57.000 55.000 51.000 51.000 54.000 54.000 50.000
VBdist TRBV29*01 71.000 61.000 54.000 64.000 62.000 60.000 58.000 64.000 33.000 37.000 59.000 59.000 55.000 59.000 55.000 59.000 58.000 65.000 61.000 63.000 64.000 0.000 54.000 49.000 66.000 53.000 53.000 66.000 66.000 67.000 67.000 67.000 66.000 66.000 62.000 66.000 66.000 66.000 67.000 68.000 66.000 59.000 58.000 60.000 60.000 59.000 58.000 61.000 61.000 59.000 64.000 63.000 58.000 61.000 63.000 62.000 59.000 59.000 63.000 61.000 59.000 61.000 62.000 61.000 60.000
VBdist TRBV3*01 67.000 58.000 36.000 45.000 51.000 49.000 39.000 44.000 58.000 58.000 41.000 42.000 42.000 41.000 42.000 42.000 50.000 48.000 50.000 41.000 51.000 54.000 0.000 7.000 64.000 22.000 23.000 48.000 48.000 49.000 47.000 45.000 49.000 53.000 57.000 52.000 50.000 48.000 45.000 45.000 48.000 43.000 51.000 54.000 54.000 50.000 49.000 49.000 49.000 43.000 58.000 49.000 51.000 49.000 46.000 45.000 44.000 44.000 43.000 43.000 43.000 44.000 45.000 45.000 44.000
VBdist TRBV3*02 67.000 55.000 36.000 42.000 51.000 48.000 39.000 40.000 58.000 58.000 41.000 42.000 41.000 41.000 41.000 42.000 49.000 51.000 50.000 48.000 53.000 49.000 7.000 0.000 64.000 19.000 20.000 45.000 45.000 52.000 50.000 48.000 52.000 50.000 56.000 55.000 53.000 45.000 48.000 48.000 45.000 46.000 48.000 51.000 51.000 53.000 46.000 52.000 52.000 46.000 55.000 52.000 48.000 52.000 46.000 45.000 44.000 44.000 43.000 43.000 40.000 44.000 42.000 42.000 44.000
VBdist TRBV30*01 58.000 58.000 64.000 59.000 59.000 63.000 64.000 60.000 58.000 58.000 60.000 63.000 60.000 62.000 63.000 63.000 63.000 54.000 58.000 59.000 59.000 66.000 64.000 64.000 0.000 60.000 60.000 64.000 61.000 60.000 60.000 64.000 63.000 64.000 58.000 64.000 64.000 64.000 61.000 64.000 64.000 49.000 49.000 52.000 52.000 49.000 52.000 58.000 49.000 53.000 56.000 57.000 49.000 52.000 60.000 64.000 64.000 64.000 62.000 64.000 60.000 60.000 60.000 60.000 60.000
VBdist TRBV4*01 67.000 58.000 34.000 42.000 50.000 52.000 40.000 36.000 58.000 58.000 32.000 36.000 31.000 33.000 35.000 33.000 40.000 52.000 50.000 52.000 55.000 53.000 22.000 19.000 60.000 0.000 2.000 46.000 46.000 50.000 53.000 49.000 46.000 48.000 48.000 55.000 51.000 46.000 49.000 49.000 46.000 49.000 46.000 49.000 49.000 55.000 44.000 54.000 54.000 49.000 53.000 55.000 46.000 54.000 40.000 40.000 38.000 38.000 36.000 38.000 34.000 38.000 36.000 36.000 38.000
VBdist TRBV4*02 67.000 58.000 35.000 42.000 50.000 52.000 41.000 37.000 58.000 58.000 32.000 37.000 31.000 33.000 36.000 33.000 40.000 52.000 50.000 53.000 55.000 53.000 23.000 20.000 60.000 2.000 0.000 47.000 47.000 50.000 54.000 50.000 46.000 48.000 48.000 55.000 51.000 47.000 50.000 50.000 47.000 49.000 46.000 49.000 49.000 55.000 44.000 54.000 54.000 49.000 53.000 55.000 46.000 54.000 40.000 40.000 38.000 38.000 36.000 38.000 34.000 38.000 36.000 36.000 38.000
VBdist TRBV5-1*01 59.000 53.000 42.000 30.000 50.000 56.000 41.000 36.000 71.000 71.000 46.000 46.000 46.000 52.000 45.000 46.000 49.000 47.000 60.000 55.000 55.000 66.000 48.000 45.000 64.000 46.000 47.000 0.000 7.000 14.000 18.000 10.000 29.000 15.000 37.000 22.000 18.000 3.000 10.000 7.000 3.000 56.000 52.000 50.000 50.000 57.000 52.000 55.000 55.000 56.000 50.000 56.000 52.000 55.000 47.000 46.000 47.000 43.000 46.000 46.000 43.000 47.000 43.000 43.000 43.000
VBdist TRBV5-10*01 59.000 53.000 42.000 29.000 49.000 55.000 43.000 36.000 71.000 71.000 46.000 46.000 46.000 52.000 45.000 46.000 49.000 47.000 60.000 54.000 54.000 66.000 48.000 45.000 61.000 46.000 47.000 7.000 0.000 11.000 11.000 11.000 29.000 12.000 34.000 19.000 15.000 4.000 3.000 14.000 4.000 56.000 52.000 50.000 50.000 57.000 52.000 55.000 55.000 56.000 50.000 56.000 52.000 55.000 44.000 43.000 44.000 40.000 43.000 43.000 40.000 44.000 40.000 40.000 40.000
VBdist TRBV5-11*01 60.000 52.000 45.000 33.000 50.000 52.000 47.000 39.000 71.000 71.000 47.000 50.000 48.000 53.000 50.000 47.000 50.000 39.000 52.000 55.000 48.000 67.000 49.000 52.000 60.000 50.000 50.000 14.000 11.000 0.000 16.000 12.000 22.000 11.000 38.000 12.000 8.000 11.000 8.000 15.000 11.000 54.000 51.000 49.000 49.000 50.000 51.000 52.000 52.000 54.000 49.000 54.000 51.000 48.000 39.000 43.000 44.000 40.000 43.000 44.000 39.000 40.000 38.000 38.000 36.000
VBdist TRBV5-12*01 59.000 56.000 46.000 36.000 49.000 56.000 45.000 40.000 71.000 71.000 50.000 48.000 49.000 56.000 48.000 48.000 52.000 52.000 64.000 53.000 57.000 67.000 47.000 50.000 60.000 53.000 54.000 18.000 11.000 16.000 0.000 16.000 34.000 23.000 39.000 16.000 20.000 15.000 8.000 19.000 15.000 54.000 57.000 55.000 55.000 54.000 57.000 52.000 53.000 53.000 55.000 53.000 57.000 52.000 48.000 47.000 48.000 48.000 47.000 47.000 47.000 48.000 47.000 47.000 48.000
VBdist TRBV5-14*01 59.000 56.000 42.000 36.000 50.000 50.000 41.000 36.000 71.000 71.000 46.000 46.000 47.000 52.000 46.000 46.000 50.000 44.000 60.000 51.000 52.000 67.000 45.000 48.000 64.000 49.000 50.000 10.000 11.000 12.000 16.000 0.000 26.000 19.000 41.000 20.000 16.000 7.000 8.000 11.000 7.000 53.000 55.000 53.000 53.000 54.000 55.000 52.000 52.000 53.000 53.000 53.000 55.000 52.000 44.000 43.000 44.000 40.000 43.000 43.000 43.000 44.000 43.000 43.000 40.000
VBdist TRBV5-15*01 58.000 60.000 46.000 41.000 54.000 54.000 53.000 40.000 70.000 70.000 51.000 54.000 52.000 54.000 54.000 51.000 54.000 45.000 56.000 56.000 57.000 66.000 49.000 52.000 63.000 46.000 46.000 29.000 29.000 22.000 34.000 26.000 0.000 17.000 43.000 22.000 18.000 29.000 26.000 30.000 29.000 54.000 55.000 54.000 54.000 54.000 54.000 50.000 53.000 54.000 54.000 54.000 55.000 53.000 48.000 48.000 49.000 45.000 48.000 49.000 48.000 49.000 47.000 47.000 45.000
VBdist TRBV5-16*01 60.000 53.000 47.000 30.000 54.000 55.000 49.000 40.000 71.000 71.000 51.000 54.000 51.000 54.000 53.000 51.000 53.000 46.000 56.000 58.000 54.000 66.000 53.000 50.000 64.000 48.000 48.000 15.000 12.000 11.000 23.000 19.000 17.000 0.000 37.000 11.000 7.000 12.000 15.000 22.000 12.000 57.000 52.000 52.000 52.000 57.000 52.000 56.000 56.000 57.000 52.000 57.000 52.000 57.000 44.000 44.000 45.000 41.000 44.000 45.000 41.000 45.000 40.000 40.000 41.000
VBdist TRBV5-17*01 61.000 53.000 50.000 31.000 50.000 57.000 52.000 41.000 69.000 69.000 46.000 50.000 45.000 44.000 46.000 50.000 50.000 53.000 57.000 58.000 54.000 62.000 57.000 56.000 58.000 48.000 48.000 37.000 34.000 38.000 39.000 41.000 43.000 37.000 0.000 42.000 38.000 37.000 35.000 38.000 37.000 57.000 57.000 57.000 57.000 60.000 57.000 60.000 59.000 58.000 57.000 56.000 57.000 60.000 52.000 49.000 51.000 51.000 48.000 49.000 51.000 51.000 50.000 51.000 51.000
VBdist TRBV5-2*01 60.000 58.000 51.000 37.000 56.000 56.000 53.000 44.000 70.000 70.000 55.000 58.000 56.000 58.000 58.000 55.000 58.000 47.000 60.000 59.000 56.000 66.000 52.000 55.000 64.000 55.000 55.000 22.000 19.000 12.000 16.000 20.000 22.000 11.000 42.000 0.000 4.000 19.000 16.000 23.000 19.000 56.000 59.000 59.000 59.000 56.000 59.000 56.000 56.000 56.000 59.000 56.000 59.000 56.000 48.000 48.000 45.000 41.000 48.000 49.000 48.000 49.000 47.000 47.000 45.000
VBdist TRBV5-4*01 60.000 56.000 47.000 33.000 52.000 52.000 49.000 40.000 70.000 70.000 51.000 54.000 52.000 54.000 54.000 51.000 54.000 43.000 56.000 55.000 52.000 66.000 50.000 53.000 64.000 51.000 51.000 18.000 15.000 8.000 20.000 16.000 18.000 7.000 38.000 4.000 0.000 15.000 12.000 19.000 15.000 54.000 55.000 55.000 55.000 54.000 55.000 54.000 54.000 54.000 55.000 54.000 55.000 54.000 44.000 44.000 41.000 37.000 44.000 45.000 44.000 45.000 43.000 43.000 41.000
VBdist TRBV5-5*01 59.000 53.000 42.000 30.000 50.000 53.000 41.000 36.000 71.000 71.000 46.000 46.000 46.000 52.000 45.000 46.000 49.000 47.000 60.000 54.000 54.000 66.000 48.000 45.000 64.000 46.000 47.000 3.000 4.000 11.000 15.000 7.000 29.000 12.000 37.000 19.000 15.000 0.000 7.000 10.000 0.000 56.000 52.000 50.000 50.000 57.000 52.000 55.000 55.000 56.000 50.000 56.000 52.000 55.000 44.000 43.000 44.000 40.000 43.000 43.000 40.000 44.000 40.000 40.000 40.000
VBdist TRBV5-7*01 59.000 56.000 42.000 32.000 49.000 52.000 43.000 36.000 71.000 71.000 46.000 46.000 47.000 52.000 46.000 46.000 50.000 44.000 60.000 51.000 52.000 67.000 45.000 48.000 61.000 49.000 50.000 10.000 3.000 8.000 8.000 8.000 26.000 15.000 35.000 16.000 12.000 7.000 0.000 11.000 7.000 53.000 55.000 53.000 53.000 54.000 55.000 52.000 52.000 53.000 53.000 53.000 55.000 52.000 44.000 43.000 44.000 40.000 43.000 43.000 43.000 44.000 43.000 43.000 40.000
VBdist TRBV5-8*01 63.000 57.000 43.000 33.000 50.000 53.000 41.000 36.000 72.000 72.000 47.000 47.000 47.000 53.000 47.000 47.000 51.000 45.000 60.000 52.000 53.000 68.000 45.000 48.000 64.000 49.000 50.000 7.000 14.000 15.000 19.000 11.000 30.000 22.000 38.000 23.000 19.000 10.000 11.000 0.000 10.000 57.000 59.000 57.000 57.000 58.000 59.000 56.000 56.000 57.000 57.000 57.000 59.000 56.000 47.000 46.000 47.000 43.000 46.000 46.000 46.000 47.000 46.000 46.000 43.000
VBdist TRBV5-9*01 59.000 53.000 42.000 30.000 50.000 53.000 41.000 36.000 71.000 71.000 46.000 46.000 46.000 52.000 45.000 46.000 49.000 47.000 60.000 54.000 54.000 66.000 48.000 45.000 64.000 46.000 47.000 3.000 4.000 11.000 15.000 7.000 29.000 12.000 37.000 19.000 15.000 0.000 7.000 10.000 0.000 56.000 52.000 50.000 50.000 57.000 52.000 55.000 55.000 56.000 50.000 56.000 52.000 55.000 44.000 43.000 44.000 40.000 43.000 43.000 40.000 44.000 40.000 40.000 40.000
VBdist TRBV6-10*01 60.000 40.000 55.000 59.000 54.000 48.000 51.000 58.000 59.000 59.000 45.000 50.000 47.000 44.000 50.000 47.000 49.000 42.000 53.000 38.000 47.000 59.000 43.000 46.000 49.000 49.000 49.000 56.000 56.000 54.000 54.000 53.000 54.000 57.000 57.000 56.000 54.000 56.000 53.000 57.000 56.000 0.000 17.000 28.000 31.000 24.000 20.000 26.000 15.000 4.000 35.000 12.000 20.000 23.000 55.000 51.000 52.000 52.000 51.000 48.000 51.000 52.000 54.000 54.000 52.000
VBdist TRBV6-11*01 58.000 30.000 54.000 56.000 54.000 49.000 48.000 58.000 59.000 59.000 52.000 49.000 48.000 51.000 48.000 49.000 50.000 38.000 46.000 35.000 43.000 58.000 51.000 48.000 49.000 46.000 46.000 52.000 52.000 51.000 57.000 55.000 55.000 52.000 57.000 59.000 55.000 52.000 55.000 59.000 52.000 17.000 0.000 11.000 14.000 17.000 11.000 23.000 20.000 13.000 18.000 21.000 3.000 16.000 49.000 50.000 50.000 50.000 53.000 50.000 42.000 46.000 45.000 45.000 46.000
VBdist TRBV6-12*01 54.000 26.000 51.000 56.000 52.000 49.000 48.000 59.000 63.000 63.000 53.000 49.000 49.000 54.000 48.000 49.000 48.000 39.000 46.000 42.000 47.000 60.000 54.000 51.000 52.000 49.000 49.000 50.000 50.000 49.000 55.000 53.000 54.000 52.000 57.000 59.000 55.000 50.000 53.000 57.000 50.000 28.000 11.000 0.000 3.000 17.000 14.000 12.000 17.000 24.000 7.000 29.000 14.000 5.000 51.000 52.000 55.000 55.000 55.000 55.000 47.000 51.000 47.000 47.000 51.000
VBdist TRBV6-13*01 53.000 29.000 51.000 56.000 52.000 52.000 51.000 59.000 63.000 63.000 53.000 49.000 49.000 54.000 48.000 49.000 48.000 39.000 43.000 45.000 48.000 60.000 54.000 51.000 52.000 49.000 49.000 50.000 50.000 49.000 55.000 53.000 54.000 52.000 57.000 59.000 55.000 50.000 53.000 57.000 50.000 31.000 14.000 3.000 0.000 20.000 11.000 15.000 20.000 27.000 4.000 32.000 11.000 8.000 51.000 52.000 55.000 55.000 55.000 55.000 47.000 51.000 47.000 47.000 51.000
VBdist TRBV6-14*01 54.000 30.000 57.000 61.000 56.000 47.000 50.000 62.000 61.000 61.000 56.000 53.000 53.000 57.000 53.000 53.000 53.000 37.000 45.000 37.000 45.000 59.000 50.000 53.000 49.000 55.000 55.000 57.000 57.000 50.000 54.000 54.000 54.000 57.000 60.000 56.000 54.000 57.000 54.000 58.000 57.000 24.000 17.000 17.000 20.000 0.000 28.000 19.000 16.000 20.000 24.000 24.000 20.000 12.000 54.000 55.000 58.000 58.000 58.000 58.000 53.000 54.000 53.000 53.000 54.000
VBdist TRBV6-2*01 57.000 34.000 54.000 56.000 51.000 52.000 49.000 58.000 59.000 59.000 49.000 45.000 45.000 47.000 44.000 45.000 46.000 39.000 44.000 42.000 44.000 58.000 49.000 46.000 52.000 44.000 44.000 52.000 52.000 51.000 57.000 55.000 54.000 52.000 57.000 59.000 55.000 52.000 55.000 59.000 52.000 20.000 11.000 14.000 11.000 28.000 0.000 26.000 31.000 16.000 15.000 24.000 8.000 19.000 49.000 50.000 50.000 50.000 53.000 50.000 42.000 46.000 45.000 45.000 46.000
VBdist TRBV6-3*01 54.000 34.000 53.000 61.000 54.000 48.000 50.000 61.000 63.000 63.000 55.000 51.000 52.000 56.000 51.000 51.000 51.000 45.000 52.000 41.000 51.000 61.000 49.000 52.000 58.000 54.000 54.000 55.000 55.000 52.000 52.000 52.000 50.000 56.000 60.000 56.000 54.000 55.000 52.000 56.000 55.000 26.000 23.000 12.000 15.000 19.000 26.000 0.000 11.000 22.000 19.000 27.000 26.000 7.000 57.000 54.000 57.000 57.000 57.000 57.000 56.000 57.000 56.000 56.000 57.000
VBdist TRBV6-4*01 56.000 35.000 53.000 61.000 55.000 48.000 54.000 60.000 63.000 63.000 53.000 55.000 55.000 55.000 55.000 55.000 55.000 42.000 52.000 42.000 51.000 61.000 49.000 52.000 49.000 54.000 54.000 55.000 55.000 52.000 53.000 52.000 53.000 56.000 59.000 56.000 54.000 55.000 52.000 56.000 55.000 15.000 20.000 17.000 20.000 16.000 31.000 11.000 0.000 19.000 24.000 24.000 23.000 12.000 57.000 57.000 57.000 57.000 57.000 57.000 56.000 57.000 56.000 56.000 57.000
VBdist TRBV6-5*01 58.000 36.000 55.000 59.000 53.000 48.000 47.000 59.000 59.000 59.000 46.000 46.000 43.000 45.000 46.000 43.000 45.000 42.000 53.000 34.000 47.000 59.000 43.000 46.000 53.000 49.000 49.000 56.000 56.000 54.000 53.000 53.000 54.000 57.000 58.000 56.000 54.000 56.000 53.000 57.000 56.000 4.000 13.000 24.000 27.000 20.000 16.000 22.000 19.000 0.000 31.000 8.000 16.000 19.000 55.000 48.000 52.000 52.000 51.000 48.000 51.000 52.000 54.000 54.000 52.000
VBdist TRBV6-6*01 53.000 25.000 55.000 56.000 56.000 52.000 55.000 59.000 67.000 67.000 57.000 53.000 53.000 58.000 52.000 53.000 52.000 39.000 43.000 45.000 48.000 64.000 58.000 55.000 56.000 53.000 53.000 50.000 50.000 49.000 55.000 53.000 54.000 52.000 57.000 59.000 55.000 50.000 53.000 57.000 50.000 35.000 18.000 7.000 4.000 24.000 15.000 19.000 24.000 31.000 0.000 32.000 15.000 12.000 55.000 56.000 59.000 59.000 59.000 59.000 51.000 55.000 51.000 51.000 55.000
VBdist TRBV6-7*01 58.000 36.000 60.000 59.000 57.000 46.000 51.000 61.000 63.000 63.000 50.000 50.000 47.000 51.000 50.000 47.000 49.000 42.000 52.000 33.000 46.000 63.000 49.000 52.000 57.000 55.000 55.000 56.000 56.000 54.000 53.000 53.000 54.000 57.000 56.000 56.000 54.000 56.000 53.000 57.000 56.000 12.000 21.000 29.000 32.000 24.000 24.000 27.000 24.000 8.000 32.000 0.000 24.000 24.000 61.000 54.000 58.000 58.000 57.000 54.000 57.000 58.000 60.000 60.000 58.000
VBdist TRBV6-8*01 57.000 33.000 54.000 56.000 54.000 52.000 51.000 58.000 59.000 59.000 52.000 49.000 48.000 51.000 48.000 49.000 50.000 38.000 43.000 38.000 44.000 58.000 51.000 48.000 49.000 46.000 46.000 52.000 52.000 51.000 57.000 55.000 55.000 52.000 57.000 59.000 55.000 52.000 55.000 59.000 52.000 20.000 3.000 14.000 11.000 20.000 8.000 26.000 23.000 16.000 15.000 24.000 0.000 19.000 49.000 50.000 50.000 50.000 53.000 50.000 42.000 46.000 45.000 45.000 46.000
VBdist TRBV6-9*01 54.000 27.000 53.000 61.000 54.000 48.000 50.000 61.000 63.000 63.000 55.000 51.000 52.000 56.000 51.000 51.000 51.000 38.000 48.000 41.000 47.000 61.000 49.000 52.000 52.000 54.000 54.000 55.000 55.000 48.000 52.000 52.000 53.000 57.000 60.000 56.000 54.000 55.000 52.000 56.000 55.000 23.000 16.000 5.000 8.000 12.000 19.000 7.000 12.000 19.000 12.000 24.000 19.000 0.000 53.000 54.000 57.000 57.000 57.000 57.000 52.000 53.000 52.000 52.000 53.000
VBdist TRBV7-1*01 67.000 58.000 35.000 53.000 47.000 51.000 39.000 38.000 62.000 59.000 43.000 43.000 43.000 40.000 43.000 42.000 43.000 48.000 51.000 57.000 54.000 63.000 46.000 46.000 60.000 40.000 40.000 47.000 44.000 39.000 48.000 44.000 48.000 44.000 52.000 48.000 44.000 44.000 44.000 47.000 44.000 55.000 49.000 51.000 51.000 54.000 49.000 57.000 57.000 55.000 55.000 61.000 49.000 53.000 0.000 12.000 11.000 15.000 8.000 15.000 11.000 11.000 8.000 8.000 11.000
VBdist TRBV7-10*01 66.000 59.000 34.000 51.000 47.000 51.000 36.000 38.000 63.000 63.000 39.000 39.000 35.000 36.000 38.000 35.000 35.000 52.000 59.000 53.000 58.000 62.000 45.000 45.000 64.000 40.000 40.000 46.000 43.000 43.000 47.000 43.000 48.000 44.000 49.000 48.000 44.000 43.000 43.000 46.000 43.000 51.000 50.000 52.000 52.000 55.000 50.000 54.000 57.000 48.000 56.000 54.000 50.000 54.000 12.000 0.000 15.000 15.000 12.000 11.000 15.000 15.000 12.000 12.000 15.000
VBdist TRBV7-11*01 67.000 62.000 31.000 53.000 41.000 51.000 40.000 39.000 59.000 59.000 41.000 41.000 40.000 38.000 40.000 40.000 42.000 55.000 60.000 54.000 55.000 59.000 44.000 44.000 64.000 38.000 38.000 47.000 44.000 44.000 48.000 44.000 49.000 45.000 51.000 45.000 41.000 44.000 44.000 47.000 44.000 52.000 50.000 55.000 55.000 58.000 50.000 57.000 57.000 52.000 59.000 58.000 50.000 57.000 11.000 15.000 0.000 4.000 15.000 12.000 12.000 12.000 15.000 15.000 8.000
VBdist TRBV7-13*01 67.000 62.000 31.000 53.000 41.000 51.000 40.000 39.000 59.000 59.000 41.000 41.000 40.000 38.000 40.000 40.000 42.000 51.000 60.000 54.000 54.000 59.000 44.000 44.000 64.000 38.000 38.000 43.000 40.000 40.000 48.000 40.000 45.000 41.000 51.000 41.000 37.000 40.000 40.000 43.000 40.000 52.000 50.000 55.000 55.000 58.000 50.000 57.000 57.000 52.000 59.000 58.000 50.000 57.000 15.000 15.000 4.000 0.000 19.000 12.000 12.000 12.000 15.000 15.000 4.000
VBdist TRBV7-14*01 67.000 62.000 34.000 49.000 47.000 50.000 36.000 33.000 62.000 59.000 39.000 42.000 38.000 36.000 42.000 38.000 39.000 52.000 51.000 55.000 57.000 63.000 43.000 43.000 62.000 36.000 36.000 46.000 43.000 43.000 47.000 43.000 48.000 44.000 48.000 48.000 44.000 43.000 43.000 46.000 43.000 51.000 53.000 55.000 55.000 58.000 53.000 57.000 57.000 51.000 59.000 57.000 53.000 57.000 8.000 12.000 15.000 19.000 0.000 15.000 19.000 19.000 16.000 16.000 19.000
VBdist TRBV7-2*01 67.000 62.000 34.000 51.000 47.000 51.000 39.000 37.000 56.000 56.000 36.000 40.000 37.000 33.000 40.000 36.000 39.000 55.000 60.000 53.000 55.000 61.000 43.000 43.000 64.000 38.000 38.000 46.000 43.000 44.000 47.000 43.000 49.000 45.000 49.000 49.000 45.000 43.000 43.000 46.000 43.000 48.000 50.000 55.000 55.000 58.000 50.000 57.000 57.000 48.000 59.000 54.000 50.000 57.000 15.000 11.000 12.000 12.000 15.000 0.000 12.000 4.000 11.000 15.000 12.000
VBdist TRBV7-3*01 67.000 54.000 35.000 49.000 47.000 46.000 40.000 39.000 60.000 60.000 41.000 41.000 40.000 38.000 40.000 40.000 42.000 50.000 56.000 53.000 51.000 59.000 43.000 40.000 60.000 34.000 34.000 43.000 40.000 39.000 47.000 43.000 48.000 41.000 51.000 48.000 44.000 40.000 43.000 46.000 40.000 51.000 42.000 47.000 47.000 53.000 42.000 56.000 56.000 51.000 51.000 57.000 42.000 52.000 11.000 15.000 12.000 12.000 19.000 12.000 0.000 8.000 7.000 3.000 8.000
VBdist TRBV7-5*01 67.000 58.000 35.000 53.000 47.000 51.000 40.000 38.000 56.000 56.000 40.000 41.000 41.000 37.000 41.000 40.000 43.000 51.000 56.000 54.000 51.000 61.000 44.000 44.000 60.000 38.000 38.000 47.000 44.000 40.000 48.000 44.000 49.000 45.000 51.000 49.000 45.000 44.000 44.000 47.000 44.000 52.000 46.000 51.000 51.000 54.000 46.000 57.000 57.000 52.000 55.000 58.000 46.000 53.000 11.000 15.000 12.000 12.000 19.000 4.000 8.000 0.000 7.000 11.000 8.000
VBdist TRBV7-7*01 67.000 54.000 35.000 49.000 47.000 50.000 40.000 38.000 59.000 59.000 42.000 43.000 42.000 39.000 42.000 42.000 42.000 47.000 55.000 56.000 54.000 62.000 45.000 42.000 60.000 36.000 36.000 43.000 40.000 38.000 47.000 43.000 47.000 40.000 50.000 47.000 43.000 40.000 43.000 46.000 40.000 54.000 45.000 47.000 47.000 53.000 45.000 56.000 56.000 54.000 51.000 60.000 45.000 52.000 8.000 12.000 15.000 15.000 16.000 11.000 7.000 7.000 0.000 4.000 11.000
VBdist TRBV7-8*01 67.000 54.000 35.000 49.000 47.000 46.000 40.000 39.000 63.000 63.000 43.000 43.000 42.000 40.000 42.000 42.000 42.000 47.000 55.000 56.000 54.000 61.000 45.000 42.000 60.000 36.000 36.000 43.000 40.000 38.000 47.000 43.000 47.000 40.000 51.000 47.000 43.000 40.000 43.000 46.000 40.000 54.000 45.000 47.000 47.000 53.000 45.000 56.000 56.000 54.000 51.000 60.000 45.000 52.000 8.000 12.000 15.000 15.000 16.000 15.000 3.000 11.000 4.000 0.000 11.000
VBdist TRBV7-9*01 67.000 58.000 31.000 53.000 43.000 51.000 40.000 39.000 60.000 60.000 41.000 41.000 40.000 38.000 40.000 40.000 42.000 47.000 56.000 54.000 50.000 60.000 44.000 44.000 60.000 38.000 38.000 43.000 40.000 36.000 48.000 40.000 45.000 41.000 51.000 45.000 41.000 40.000 40.000 43.000 40.000 52.000 46.000 51.000 51.000 54.000 46.000 57.000 57.000 52.000 55.000 58.000 46.000 53.000 11.000 15.000 8.000 4.000 19.000 12.000 8.000 8.000 11.000 11.000 0.000
