AAdist A 0.000 4.000 4.000 4.000 4.000 4.000 4.000 4.000 4.000 4.000 4.000 4.000 4.000 4.000 4.000 3.000 4.000 4.000 4.000 4.000
AAdist C 4.000 0.000 4.000 4.000 4.000 4.000 4.000 4.000 4.000 4.000 4.000 4.000 4.000 4.000 4.000 4.000 4.000 4.000 4.000 4.000
AAdist D 4.000 4.000 0.000 2.000 4.000 4.000 4.000 4.000 4.000 4.000 4.000 3.000 4.000 4.000 4.000 4.000 4.000 4.000 4.000 4.000
AAdist E 4.000 4.000 2.000 0.000 4.000 4.000 4.000 4.000 3.000 4.000 4.000 4.000 4.000 2.000 4.000 4.000 4.000 4.000 4.000 4.000
AAdist F 4.000 4.000 4.000 4.000 0.000 4.000 4.000 4.000 4.000 4.000 4.000 4.000 4.000 4.000 4.000 4.000 4.000 4.000 3.000 1.000
AAdist G 4.000 4.000 4.000 4.000 4.000 0.000 4.000 4.000 4.000 4.000 4.000 4.000 4.000 4.000 4.000 4.000 4.000 4.000 4.000 4.000
AAdist H 4.000 4.000 4.000 4.000 4.000 4.000 0.000 4.000 4.000 4.000 4.000 3.000 4.000 4.000 4.000 4.000 4.000 4.000 4.000 2.000
AAdist I 4.000 4.000 4.000 4.000 4.000 4.000 4.000 0.000 4.000 2.000 3.000 4.000 4.000 4.000 4.000 4.000 4.000 1.000 4.000 4.000
AAdist K 4.000 4.000 4.000 3.000 4.000 4.000 4.000 4.000 0.000 4.000 4.000 4.000 4.000 3.000 2.000 4.000 4.000 4.000 4.000 4.000
AAdist L 4.000 4.000 4.000 4.000 4.000 4.000 4.000 2.000 4.000 0.000 2.000 4.000 4.000 4.000 4.000 4.000 4.000 3.000 4.000 4.000
AAdist M 4.000 4.000 4.000 4.000 4.000 4.000 4.000 3.000 4.000 2.000 0.000 4.000 4.000 4.000 4.000 4.000 4.000 3.000 4.000 4.000
AAdist N 4.000 4.000 3.000 4.000 4.000 4.000 3.000 4.000 4.000 4.000 4.000 0.000 4.000 4.000 4.000 3.000 4.000 4.000 4.000 4.000
AAdist P 4.000 4.000 4.000 4.000 4.000 4.000 4.000 4.000 4.000 4.000 4.000 4.000 0.000 4.000 4.000 4.000 4.000 4.000 4.000 4.000
AAdist Q 4.000 4.000 4.000 2.000 4.000 4.000 4.000 4.000 3.000 4.000 4.000 4.000 4.000 0.000 3.000 4.000 4.000 4.000 4.000 4.000
AAdist R 4.000 4.000 4.000 4.000 4.000 4.000 4.000 4.000 2.000 4.000 4.000 4.000 4.000 3.000 0.000 4.000 4.000 4.000 4.000 4.000
AAdist S 3.000 4.000 4.000 4.000 4.000 4.000 4.000 4.000 4.000 4.000 4.000 3.000 4.000 4.000 4.000 0.000 3.000 4.000 4.000 4.000
AAdist T 4.000 4.000 4.000 4.000 4.000 4.000 4.000 4.000 4.000 4.000 4.000 4.000 4.000 4.000 4.000 3.000 0.000 4.000 4.000 4.000
AAdist V 4.000 4.000 4.000 4.000 4.000 4.000 4.000 1.000 4.000 3.000 3.000 4.000 4.000 4.000 4.000 4.000 4.000 0.000 4.000 4.000
AAdist W 4.000 4.000 4.000 4.000 3.000 4.000 4.000 4.000 4.000 4.000 4.000 4.000 4.000 4.000 4.000 4.000 4.000 4.000 0.000 2.000
AAdist Y 4.000 4.000 4.000 4.000 1.000 4.000 2.000 4.000 4.000 4.000 4.000 4.000 4.000 4.000 4.000 4.000 4.000 4.000 2.000 0.000
num_VA_genes 7
VAdist TRGV2-1*01 0.000 30.000 20.000 22.000 76.000 38.000 68.000
VAdist TRGV2-2*01 30.000 0.000 28.000 8.000 79.000 48.000 68.000
VAdist TRGV2-3*01 20.000 28.000 0.000 24.000 76.000 38.000 67.000
VAdist TRGV2-4*01 22.000 8.000 24.000 0.000 79.000 44.000 72.000
VAdist TRGV5-3*01 76.000 79.000 76.000 79.000 0.000 75.000 63.000
VAdist TRGV6-1*01 38.000 48.000 38.000 44.000 75.000 0.000 61.000
VAdist TRGV7-1*01 68.000 68.000 67.000 72.000 63.000 61.000 0.000
num_VB_genes 55
VBdist TRAV10*01 0.000 57.000 50.000 50.000 76.000 67.000 58.000 66.000 74.000 66.000 50.000 68.000 62.000 61.000 63.000 74.000 70.000 66.000 53.000 67.000 67.000 67.000 66.000 61.000 61.000 77.000 73.000 73.000 63.000 63.000 62.000 62.000 62.000 75.000 56.000 50.000 69.000 87.000 74.000 74.000 72.000 76.000 72.000 66.000 54.000 58.000 51.000 58.000 73.000 81.000 69.000 72.000 69.000 69.000 69.000
VBdist TRAV12*01 57.000 0.000 37.000 39.000 67.000 57.000 58.000 55.000 67.000 65.000 52.000 59.000 54.000 65.000 73.000 61.000 68.000 59.000 52.000 57.000 76.000 67.000 69.000 45.000 46.000 70.000 66.000 60.000 67.000 60.000 53.000 53.000 53.000 64.000 41.000 67.000 63.000 72.000 61.000 60.000 63.000 70.000 62.000 65.000 62.000 66.000 69.000 69.000 68.000 73.000 61.000 68.000 61.000 64.000 61.000
VBdist TRAV13-1*01 50.000 37.000 0.000 8.000 63.000 62.000 53.000 57.000 61.000 65.000 44.000 62.000 48.000 60.000 60.000 63.000 71.000 61.000 32.000 61.000 60.000 61.000 68.000 62.000 42.000 65.000 61.000 68.000 70.000 66.000 54.000 54.000 54.000 78.000 27.000 51.000 56.000 71.000 64.000 63.000 63.000 66.000 62.000 65.000 61.000 62.000 65.000 68.000 71.000 73.000 64.000 73.000 64.000 64.000 64.000
VBdist TRAV13-3*01 50.000 39.000 8.000 0.000 67.000 62.000 48.000 57.000 65.000 69.000 47.000 62.000 44.000 64.000 59.000 61.000 71.000 61.000 24.000 61.000 64.000 64.000 69.000 62.000 34.000 69.000 65.000 68.000 70.000 66.000 53.000 53.000 53.000 76.000 27.000 47.000 56.000 71.000 64.000 63.000 63.000 66.000 62.000 65.000 61.000 62.000 65.000 68.000 71.000 77.000 70.000 77.000 70.000 70.000 70.000
VBdist TRAV14-5*01 76.000 67.000 63.000 67.000 0.000 74.000 63.000 62.000 39.000 64.000 55.000 70.000 72.000 65.000 70.000 59.000 66.000 72.000 70.000 65.000 46.000 72.000 75.000 66.000 67.000 34.000 26.000 68.000 73.000 81.000 72.000 72.000 72.000 74.000 67.000 73.000 63.000 74.000 68.000 68.000 64.000 71.000 64.000 68.000 66.000 65.000 74.000 67.000 66.000 67.000 71.000 77.000 74.000 71.000 75.000
VBdist TRAV16*01 67.000 57.000 62.000 62.000 74.000 0.000 64.000 62.000 68.000 54.000 70.000 62.000 72.000 66.000 71.000 61.000 73.000 59.000 70.000 50.000 71.000 71.000 71.000 63.000 61.000 76.000 72.000 65.000 58.000 58.000 58.000 58.000 58.000 65.000 58.000 66.000 64.000 68.000 60.000 59.000 57.000 69.000 56.000 65.000 62.000 64.000 63.000 63.000 65.000 64.000 54.000 58.000 58.000 55.000 58.000
VBdist TRAV17*01 58.000 58.000 53.000 48.000 63.000 64.000 0.000 59.000 65.000 64.000 52.000 55.000 57.000 43.000 56.000 64.000 66.000 56.000 48.000 60.000 65.000 61.000 61.000 74.000 41.000 58.000 57.000 71.000 65.000 57.000 46.000 46.000 46.000 72.000 58.000 51.000 59.000 83.000 70.000 70.000 63.000 70.000 63.000 65.000 56.000 59.000 66.000 59.000 70.000 82.000 70.000 77.000 74.000 70.000 74.000
VBdist TRAV18*01 66.000 55.000 57.000 57.000 62.000 62.000 59.000 0.000 52.000 65.000 63.000 59.000 62.000 63.000 72.000 63.000 64.000 65.000 57.000 54.000 66.000 69.000 64.000 61.000 55.000 64.000 60.000 73.000 70.000 72.000 60.000 60.000 60.000 77.000 52.000 64.000 48.000 69.000 58.000 54.000 49.000 54.000 45.000 57.000 62.000 61.000 62.000 55.000 71.000 79.000 68.000 75.000 72.000 68.000 72.000
VBdist TRAV19*01 74.000 67.000 61.000 65.000 39.000 68.000 65.000 52.000 0.000 66.000 57.000 68.000 71.000 72.000 80.000 65.000 79.000 72.000 69.000 62.000 53.000 73.000 80.000 71.000 59.000 41.000 37.000 72.000 76.000 80.000 67.000 67.000 67.000 82.000 61.000 74.000 61.000 72.000 59.000 55.000 56.000 61.000 52.000 73.000 73.000 72.000 69.000 70.000 76.000 74.000 71.000 77.000 74.000 71.000 75.000
VBdist TRAV2*01 66.000 65.000 65.000 69.000 64.000 54.000 64.000 65.000 66.000 0.000 59.000 63.000 74.000 60.000 73.000 59.000 70.000 65.000 73.000 67.000 63.000 65.000 71.000 59.000 68.000 71.000 66.000 63.000 52.000 61.000 63.000 63.000 63.000 57.000 69.000 71.000 73.000 82.000 72.000 72.000 69.000 80.000 69.000 65.000 68.000 67.000 72.000 64.000 62.000 60.000 50.000 57.000 54.000 50.000 54.000
VBdist TRAV21*01 50.000 52.000 44.000 47.000 55.000 70.000 52.000 63.000 57.000 59.000 0.000 62.000 57.000 51.000 63.000 71.000 67.000 60.000 47.000 70.000 62.000 53.000 70.000 54.000 41.000 65.000 61.000 80.000 63.000 68.000 56.000 56.000 56.000 73.000 53.000 55.000 64.000 79.000 68.000 68.000 68.000 72.000 68.000 62.000 60.000 64.000 57.000 61.000 68.000 70.000 66.000 69.000 66.000 66.000 66.000
VBdist TRAV22*01 68.000 59.000 62.000 62.000 70.000 62.000 55.000 59.000 68.000 63.000 62.000 0.000 61.000 63.000 66.000 64.000 64.000 36.000 64.000 75.000 72.000 66.000 67.000 62.000 59.000 69.000 69.000 70.000 64.000 51.000 34.000 34.000 34.000 67.000 57.000 69.000 63.000 82.000 69.000 69.000 65.000 71.000 65.000 67.000 64.000 64.000 72.000 64.000 68.000 72.000 64.000 63.000 60.000 64.000 62.000
VBdist TRAV23*01 62.000 54.000 48.000 44.000 72.000 72.000 57.000 62.000 71.000 74.000 57.000 61.000 0.000 67.000 63.000 67.000 64.000 65.000 39.000 68.000 70.000 62.000 66.000 59.000 56.000 72.000 71.000 63.000 62.000 74.000 63.000 63.000 63.000 73.000 56.000 57.000 61.000 74.000 65.000 65.000 65.000 69.000 65.000 68.000 63.000 67.000 60.000 59.000 68.000 82.000 67.000 72.000 64.000 67.000 66.000
VBdist TRAV24*01 61.000 65.000 60.000 64.000 65.000 66.000 43.000 63.000 72.000 60.000 51.000 63.000 67.000 0.000 61.000 62.000 63.000 67.000 61.000 70.000 63.000 46.000 66.000 62.000 58.000 66.000 62.000 73.000 66.000 60.000 54.000 54.000 54.000 70.000 60.000 59.000 73.000 82.000 73.000 73.000 70.000 81.000 70.000 59.000 55.000 61.000 59.000 55.000 71.000 76.000 59.000 66.000 63.000 59.000 63.000
VBdist TRAV25*01 63.000 73.000 60.000 59.000 70.000 71.000 56.000 72.000 80.000 73.000 63.000 66.000 63.000 61.000 0.000 62.000 37.000 57.000 60.000 69.000 68.000 42.000 33.000 62.000 69.000 75.000 75.000 69.000 63.000 61.000 59.000 59.000 59.000 78.000 58.000 64.000 66.000 82.000 75.000 75.000 70.000 77.000 70.000 63.000 65.000 65.000 62.000 61.000 75.000 79.000 69.000 68.000 71.000 69.000 70.000
VBdist TRAV26*01 74.000 61.000 63.000 61.000 59.000 61.000 64.000 63.000 65.000 59.000 71.000 64.000 67.000 62.000 62.000 0.000 69.000 64.000 62.000 68.000 63.000 70.000 69.000 67.000 69.000 57.000 57.000 33.000 66.000 68.000 69.000 69.000 69.000 65.000 58.000 67.000 68.000 81.000 74.000 73.000 69.000 73.000 68.000 60.000 60.000 59.000 67.000 59.000 68.000 66.000 67.000 70.000 71.000 67.000 71.000
VBdist TRAV27*01 70.000 68.000 71.000 71.000 66.000 73.000 66.000 64.000 79.000 70.000 67.000 64.000 64.000 63.000 37.000 69.000 0.000 55.000 68.000 73.000 78.000 41.000 38.000 63.000 69.000 73.000 72.000 74.000 63.000 54.000 62.000 62.000 62.000 75.000 67.000 71.000 69.000 83.000 71.000 71.000 66.000 73.000 66.000 59.000 65.000 65.000 61.000 60.000 70.000 74.000 68.000 70.000 70.000 68.000 68.000
VBdist TRAV28*01 66.000 59.000 61.000 61.000 72.000 59.000 56.000 65.000 72.000 65.000 60.000 36.000 65.000 67.000 57.000 64.000 55.000 0.000 59.000 71.000 75.000 65.000 61.000 57.000 60.000 74.000 77.000 66.000 57.000 40.000 28.000 28.000 28.000 61.000 58.000 68.000 62.000 77.000 67.000 67.000 62.000 69.000 62.000 69.000 66.000 68.000 70.000 69.000 71.000 71.000 68.000 69.000 69.000 68.000 69.000
VBdist TRAV29*01 53.000 52.000 32.000 24.000 70.000 70.000 48.000 57.000 69.000 73.000 47.000 64.000 39.000 61.000 60.000 62.000 68.000 59.000 0.000 62.000 70.000 66.000 70.000 59.000 41.000 67.000 67.000 73.000 67.000 60.000 54.000 54.000 54.000 72.000 40.000 50.000 54.000 75.000 66.000 66.000 62.000 66.000 62.000 62.000 63.000 64.000 61.000 68.000 73.000 78.000 70.000 71.000 70.000 70.000 70.000
VBdist TRAV3*01 67.000 57.000 61.000 61.000 65.000 50.000 60.000 54.000 62.000 67.000 70.000 75.000 68.000 70.000 69.000 68.000 73.000 71.000 62.000 0.000 73.000 76.000 73.000 58.000 64.000 67.000 63.000 66.000 72.000 69.000 70.000 70.000 70.000 75.000 59.000 74.000 40.000 52.000 36.000 36.000 29.000 46.000 29.000 62.000 69.000 71.000 67.000 68.000 73.000 76.000 75.000 79.000 79.000 75.000 79.000
VBdist TRAV33*01 67.000 76.000 60.000 64.000 46.000 71.000 65.000 66.000 53.000 63.000 62.000 72.000 70.000 63.000 68.000 63.000 78.000 75.000 70.000 73.000 0.000 66.000 72.000 71.000 71.000 46.000 42.000 74.000 70.000 80.000 75.000 75.000 75.000 68.000 66.000 66.000 68.000 83.000 73.000 73.000 69.000 76.000 69.000 65.000 67.000 62.000 70.000 59.000 66.000 70.000 64.000 72.000 67.000 64.000 68.000
VBdist TRAV34*01 67.000 67.000 61.000 64.000 72.000 71.000 61.000 69.000 73.000 65.000 53.000 66.000 62.000 46.000 42.000 70.000 41.000 65.000 66.000 76.000 66.000 0.000 49.000 62.000 60.000 71.000 70.000 70.000 65.000 61.000 63.000 63.000 63.000 77.000 61.000 60.000 76.000 86.000 77.000 77.000 77.000 84.000 77.000 60.000 60.000 60.000 56.000 52.000 67.000 74.000 64.000 61.000 61.000 64.000 63.000
VBdist TRAV35*01 66.000 69.000 68.000 69.000 75.000 71.000 61.000 64.000 80.000 71.000 70.000 67.000 66.000 66.000 33.000 69.000 38.000 61.000 70.000 73.000 72.000 49.000 0.000 66.000 73.000 76.000 78.000 64.000 68.000 64.000 59.000 59.000 59.000 79.000 71.000 70.000 67.000 81.000 68.000 68.000 70.000 78.000 70.000 58.000 62.000 60.000 64.000 59.000 75.000 83.000 69.000 78.000 73.000 70.000 69.000
VBdist TRAV36*01 61.000 45.000 62.000 62.000 66.000 63.000 74.000 61.000 71.000 59.000 54.000 62.000 59.000 62.000 62.000 67.000 63.000 57.000 59.000 58.000 71.000 62.000 66.000 0.000 66.000 75.000 73.000 74.000 62.000 60.000 56.000 56.000 56.000 51.000 59.000 67.000 64.000 76.000 68.000 68.000 64.000 74.000 64.000 59.000 66.000 68.000 57.000 60.000 65.000 73.000 59.000 61.000 59.000 62.000 59.000
VBdist TRAV37*01 61.000 46.000 42.000 34.000 67.000 61.000 41.000 55.000 59.000 68.000 41.000 59.000 56.000 58.000 69.000 69.000 69.000 60.000 41.000 64.000 71.000 60.000 73.000 66.000 0.000 64.000 60.000 74.000 70.000 63.000 50.000 50.000 50.000 76.000 42.000 51.000 62.000 78.000 61.000 63.000 61.000 70.000 63.000 68.000 69.000 70.000 69.000 70.000 70.000 74.000 74.000 77.000 74.000 74.000 74.000
VBdist TRAV38-1*01 77.000 70.000 65.000 69.000 34.000 76.000 58.000 64.000 41.000 71.000 65.000 69.000 72.000 66.000 75.000 57.000 73.000 74.000 67.000 67.000 46.000 71.000 76.000 75.000 64.000 0.000 8.000 67.000 75.000 77.000 72.000 72.000 72.000 82.000 63.000 70.000 61.000 80.000 70.000 70.000 66.000 73.000 66.000 68.000 61.000 60.000 73.000 66.000 67.000 72.000 74.000 78.000 77.000 74.000 78.000
VBdist TRAV38-2*01 73.000 66.000 61.000 65.000 26.000 72.000 57.000 60.000 37.000 66.000 61.000 69.000 71.000 62.000 75.000 57.000 72.000 77.000 67.000 63.000 42.000 70.000 78.000 73.000 60.000 8.000 0.000 67.000 74.000 78.000 72.000 72.000 72.000 78.000 59.000 70.000 61.000 80.000 66.000 66.000 62.000 69.000 62.000 67.000 64.000 63.000 72.000 65.000 66.000 68.000 70.000 77.000 73.000 70.000 74.000
VBdist TRAV4*01 73.000 60.000 68.000 68.000 68.000 65.000 71.000 73.000 72.000 63.000 80.000 70.000 63.000 73.000 69.000 33.000 74.000 66.000 73.000 66.000 74.000 70.000 64.000 74.000 74.000 67.000 67.000 0.000 71.000 69.000 71.000 71.000 71.000 66.000 70.000 77.000 79.000 76.000 72.000 72.000 72.000 87.000 72.000 70.000 70.000 75.000 77.000 73.000 66.000 67.000 59.000 71.000 63.000 59.000 63.000
VBdist TRAV40*01 63.000 67.000 70.000 70.000 73.000 58.000 65.000 70.000 76.000 52.000 63.000 64.000 62.000 66.000 63.000 66.000 63.000 57.000 67.000 72.000 70.000 65.000 68.000 62.000 70.000 75.000 74.000 71.000 0.000 63.000 61.000 61.000 61.000 70.000 70.000 70.000 63.000 79.000 61.000 61.000 68.000 73.000 68.000 52.000 65.000 61.000 54.000 62.000 67.000 71.000 61.000 58.000 57.000 61.000 62.000
VBdist TRAV41*01 63.000 60.000 66.000 66.000 81.000 58.000 57.000 72.000 80.000 61.000 68.000 51.000 74.000 60.000 61.000 68.000 54.000 40.000 60.000 69.000 80.000 61.000 64.000 60.000 63.000 77.000 78.000 69.000 63.000 0.000 41.000 41.000 41.000 59.000 59.000 73.000 74.000 79.000 75.000 75.000 71.000 79.000 71.000 59.000 69.000 69.000 70.000 69.000 70.000 62.000 62.000 62.000 62.000 65.000 62.000
VBdist TRAV43-1*01 62.000 53.000 54.000 53.000 72.000 58.000 46.000 60.000 67.000 63.000 56.000 34.000 63.000 54.000 59.000 69.000 62.000 28.000 54.000 70.000 75.000 63.000 59.000 56.000 50.000 72.000 72.000 71.000 61.000 41.000 0.000 0.000 0.000 62.000 50.000 68.000 59.000 77.000 65.000 65.000 65.000 71.000 65.000 71.000 59.000 63.000 63.000 66.000 63.000 73.000 62.000 65.000 62.000 62.000 62.000
VBdist TRAV43-2*01 62.000 53.000 54.000 53.000 72.000 58.000 46.000 60.000 67.000 63.000 56.000 34.000 63.000 54.000 59.000 69.000 62.000 28.000 54.000 70.000 75.000 63.000 59.000 56.000 50.000 72.000 72.000 71.000 61.000 41.000 0.000 0.000 0.000 62.000 50.000 68.000 59.000 77.000 65.000 65.000 65.000 71.000 65.000 71.000 59.000 63.000 63.000 66.000 63.000 73.000 62.000 65.000 62.000 62.000 62.000
VBdist TRAV43-3*01 62.000 53.000 54.000 53.000 72.000 58.000 46.000 60.000 67.000 63.000 56.000 34.000 63.000 54.000 59.000 69.000 62.000 28.000 54.000 70.000 75.000 63.000 59.000 56.000 50.000 72.000 72.000 71.000 61.000 41.000 0.000 0.000 0.000 62.000 50.000 68.000 59.000 77.000 65.000 65.000 65.000 71.000 65.000 71.000 59.000 63.000 63.000 66.000 63.000 73.000 62.000 65.000 62.000 62.000 62.000
VBdist TRAV46*01 75.000 64.000 78.000 76.000 74.000 65.000 72.000 77.000 82.000 57.000 73.000 67.000 73.000 70.000 78.000 65.000 75.000 61.000 72.000 75.000 68.000 77.000 79.000 51.000 76.000 82.000 78.000 66.000 70.000 59.000 62.000 62.000 62.000 0.000 70.000 77.000 85.000 89.000 85.000 85.000 82.000 93.000 82.000 67.000 73.000 77.000 73.000 69.000 73.000 66.000 58.000 62.000 62.000 61.000 62.000
VBdist TRAV5*01 56.000 41.000 27.000 27.000 67.000 58.000 58.000 52.000 61.000 69.000 53.000 57.000 56.000 60.000 58.000 58.000 67.000 58.000 40.000 59.000 66.000 61.000 71.000 59.000 42.000 63.000 59.000 70.000 70.000 59.000 50.000 50.000 50.000 70.000 0.000 60.000 54.000 72.000 62.000 61.000 55.000 60.000 54.000 62.000 56.000 56.000 59.000 62.000 67.000 79.000 72.000 71.000 72.000 72.000 72.000
VBdist TRAV6*01 50.000 67.000 51.000 47.000 73.000 66.000 51.000 64.000 74.000 71.000 55.000 69.000 57.000 59.000 64.000 67.000 71.000 68.000 50.000 74.000 66.000 60.000 70.000 67.000 51.000 70.000 70.000 77.000 70.000 73.000 68.000 68.000 68.000 77.000 60.000 0.000 66.000 83.000 75.000 75.000 74.000 78.000 74.000 67.000 62.000 66.000 62.000 66.000 79.000 78.000 74.000 73.000 73.000 74.000 73.000
VBdist TRAV8-1*01 69.000 63.000 56.000 56.000 63.000 64.000 59.000 48.000 61.000 73.000 64.000 63.000 61.000 73.000 66.000 68.000 69.000 62.000 54.000 40.000 68.000 76.000 67.000 64.000 62.000 61.000 61.000 79.000 63.000 74.000 59.000 59.000 59.000 85.000 54.000 66.000 0.000 50.000 30.000 30.000 25.000 32.000 25.000 73.000 69.000 63.000 68.000 71.000 80.000 82.000 79.000 76.000 76.000 79.000 80.000
VBdist TRAV8-2*01 87.000 72.000 71.000 71.000 74.000 68.000 83.000 69.000 72.000 82.000 79.000 82.000 74.000 82.000 82.000 81.000 83.000 77.000 75.000 52.000 83.000 86.000 81.000 76.000 78.000 80.000 80.000 76.000 79.000 79.000 77.000 77.000 77.000 89.000 72.000 83.000 50.000 0.000 43.000 39.000 48.000 47.000 44.000 76.000 71.000 81.000 79.000 76.000 85.000 86.000 85.000 88.000 85.000 85.000 89.000
VBdist TRAV8-3*01 74.000 61.000 64.000 64.000 68.000 60.000 70.000 58.000 59.000 72.000 68.000 69.000 65.000 73.000 75.000 74.000 71.000 67.000 66.000 36.000 73.000 77.000 68.000 68.000 61.000 70.000 66.000 72.000 61.000 75.000 65.000 65.000 65.000 85.000 62.000 75.000 30.000 43.000 0.000 4.000 18.000 36.000 19.000 69.000 69.000 69.000 66.000 73.000 72.000 82.000 76.000 81.000 75.000 76.000 77.000
VBdist TRAV8-4*01 74.000 60.000 63.000 63.000 68.000 59.000 70.000 54.000 55.000 72.000 68.000 69.000 65.000 73.000 75.000 73.000 71.000 67.000 66.000 36.000 73.000 77.000 68.000 68.000 63.000 70.000 66.000 72.000 61.000 75.000 65.000 65.000 65.000 85.000 61.000 75.000 30.000 39.000 4.000 0.000 19.000 32.000 15.000 69.000 68.000 68.000 66.000 69.000 72.000 82.000 76.000 81.000 75.000 76.000 77.000
VBdist TRAV8-5*01 72.000 63.000 63.000 63.000 64.000 57.000 63.000 49.000 56.000 69.000 68.000 65.000 65.000 70.000 70.000 69.000 66.000 62.000 62.000 29.000 69.000 77.000 70.000 64.000 61.000 66.000 62.000 72.000 68.000 71.000 65.000 65.000 65.000 82.000 55.000 74.000 25.000 48.000 18.000 19.000 0.000 25.000 4.000 70.000 74.000 74.000 71.000 72.000 76.000 82.000 76.000 78.000 78.000 76.000 80.000
VBdist TRAV8-6*01 76.000 70.000 66.000 66.000 71.000 69.000 70.000 54.000 61.000 80.000 72.000 71.000 69.000 81.000 77.000 73.000 73.000 69.000 66.000 46.000 76.000 84.000 78.000 74.000 70.000 73.000 69.000 87.000 73.000 79.000 71.000 71.000 71.000 93.000 60.000 78.000 32.000 47.000 36.000 32.000 25.000 0.000 21.000 81.000 80.000 76.000 74.000 73.000 88.000 90.000 87.000 88.000 86.000 87.000 88.000
VBdist TRAV8-7*01 72.000 62.000 62.000 62.000 64.000 56.000 63.000 45.000 52.000 69.000 68.000 65.000 65.000 70.000 70.000 68.000 66.000 62.000 62.000 29.000 69.000 77.000 70.000 64.000 63.000 66.000 62.000 72.000 68.000 71.000 65.000 65.000 65.000 82.000 54.000 74.000 25.000 44.000 19.000 15.000 4.000 21.000 0.000 70.000 73.000 73.000 71.000 68.000 76.000 82.000 76.000 78.000 78.000 76.000 80.000
VBdist TRAV9-2*01 66.000 65.000 65.000 65.000 68.000 65.000 65.000 57.000 73.000 65.000 62.000 67.000 68.000 59.000 63.000 60.000 59.000 69.000 62.000 62.000 65.000 60.000 58.000 59.000 68.000 68.000 67.000 70.000 52.000 59.000 71.000 71.000 71.000 67.000 62.000 67.000 73.000 76.000 69.000 69.000 70.000 81.000 70.000 0.000 49.000 52.000 48.000 49.000 66.000 76.000 70.000 75.000 74.000 70.000 74.000
VBdist TRAV9-3*01 54.000 62.000 61.000 61.000 66.000 62.000 56.000 62.000 73.000 68.000 60.000 64.000 63.000 55.000 65.000 60.000 65.000 66.000 63.000 69.000 67.000 60.000 62.000 66.000 69.000 61.000 64.000 70.000 65.000 69.000 59.000 59.000 59.000 73.000 56.000 62.000 69.000 71.000 69.000 68.000 74.000 80.000 73.000 49.000 0.000 19.000 23.000 27.000 65.000 83.000 67.000 75.000 71.000 67.000 71.000
VBdist TRAV9-4*01 58.000 66.000 62.000 62.000 65.000 64.000 59.000 61.000 72.000 67.000 64.000 64.000 67.000 61.000 65.000 59.000 65.000 68.000 64.000 71.000 62.000 60.000 60.000 68.000 70.000 60.000 63.000 75.000 61.000 69.000 63.000 63.000 63.000 77.000 56.000 66.000 63.000 81.000 69.000 68.000 74.000 76.000 73.000 52.000 19.000 0.000 28.000 22.000 66.000 83.000 72.000 73.000 73.000 72.000 73.000
VBdist TRAV9-5*01 51.000 69.000 65.000 65.000 74.000 63.000 66.000 62.000 69.000 72.000 57.000 72.000 60.000 59.000 62.000 67.000 61.000 70.000 61.000 67.000 70.000 56.000 64.000 57.000 69.000 73.000 72.000 77.000 54.000 70.000 63.000 63.000 63.000 73.000 59.000 62.000 68.000 79.000 66.000 66.000 71.000 74.000 71.000 48.000 23.000 28.000 0.000 27.000 66.000 84.000 69.000 70.000 70.000 69.000 70.000
VBdist TRAV9-7*01 58.000 69.000 68.000 68.000 67.000 63.000 59.000 55.000 70.000 64.000 61.000 64.000 59.000 55.000 61.000 59.000 60.000 69.000 68.000 68.000 59.000 52.000 59.000 60.000 70.000 66.000 65.000 73.000 62.000 69.000 66.000 66.000 66.000 69.000 62.000 66.000 71.000 76.000 73.000 69.000 72.000 73.000 68.000 49.000 27.000 22.000 27.000 0.000 60.000 84.000 66.000 72.000 71.000 66.000 70.000
VBdist TRDV3*01 73.000 68.000 71.000 71.000 66.000 65.000 70.000 71.000 76.000 62.000 68.000 68.000 68.000 71.000 75.000 68.000 70.000 71.000 73.000 73.000 66.000 67.000 75.000 65.000 70.000 67.000 66.000 66.000 67.000 70.000 63.000 63.000 63.000 73.000 67.000 79.000 80.000 85.000 72.000 72.000 76.000 88.000 76.000 66.000 65.000 66.000 66.000 60.000 0.000 74.000 62.000 61.000 62.000 62.000 62.000
VBdist TRDV4*01 81.000 73.000 73.000 77.000 67.000 64.000 82.000 79.000 74.000 60.000 70.000 72.000 82.000 76.000 79.000 66.000 74.000 71.000 78.000 76.000 70.000 74.000 83.000 73.000 74.000 72.000 68.000 67.000 71.000 62.000 73.000 73.000 73.000 66.000 79.000 78.000 82.000 86.000 82.000 82.000 82.000 90.000 82.000 76.000 83.000 83.000 84.000 84.000 74.000 0.000 59.000 59.000 59.000 59.000 59.000
VBdist TRDV5-1*01 69.000 61.000 64.000 70.000 71.000 54.000 70.000 68.000 71.000 50.000 66.000 64.000 67.000 59.000 69.000 67.000 68.000 68.000 70.000 75.000 64.000 64.000 69.000 59.000 74.000 74.000 70.000 59.000 61.000 62.000 62.000 62.000 62.000 58.000 72.000 74.000 79.000 85.000 76.000 76.000 76.000 87.000 76.000 70.000 67.000 72.000 69.000 66.000 62.000 59.000 0.000 27.000 11.000 3.000 4.000
VBdist TRDV5-2*01 72.000 68.000 73.000 77.000 77.000 58.000 77.000 75.000 77.000 57.000 69.000 63.000 72.000 66.000 68.000 70.000 70.000 69.000 71.000 79.000 72.000 61.000 78.000 61.000 77.000 78.000 77.000 71.000 58.000 62.000 65.000 65.000 65.000 62.000 71.000 73.000 76.000 88.000 81.000 81.000 78.000 88.000 78.000 75.000 75.000 73.000 70.000 72.000 61.000 59.000 27.000 0.000 16.000 30.000 25.000
VBdist TRDV5-3*01 69.000 61.000 64.000 70.000 74.000 58.000 74.000 72.000 74.000 54.000 66.000 60.000 64.000 63.000 71.000 71.000 70.000 69.000 70.000 79.000 67.000 61.000 73.000 59.000 74.000 77.000 73.000 63.000 57.000 62.000 62.000 62.000 62.000 62.000 72.000 73.000 76.000 85.000 75.000 75.000 78.000 86.000 78.000 74.000 71.000 73.000 70.000 71.000 62.000 59.000 11.000 16.000 0.000 14.000 9.000
VBdist TRDV5-5*01 69.000 64.000 64.000 70.000 71.000 55.000 70.000 68.000 71.000 50.000 66.000 64.000 67.000 59.000 69.000 67.000 68.000 68.000 70.000 75.000 64.000 64.000 70.000 62.000 74.000 74.000 70.000 59.000 61.000 65.000 62.000 62.000 62.000 61.000 72.000 74.000 79.000 85.000 76.000 76.000 76.000 87.000 76.000 70.000 67.000 72.000 69.000 66.000 62.000 59.000 3.000 30.000 14.000 0.000 7.000
VBdist TRDV5-6*01 69.000 61.000 64.000 70.000 75.000 58.000 74.000 72.000 75.000 54.000 66.000 62.000 66.000 63.000 70.000 71.000 68.000 69.000 70.000 79.000 68.000 63.000 69.000 59.000 74.000 78.000 74.000 63.000 62.000 62.000 62.000 62.000 62.000 62.000 72.000 73.000 80.000 89.000 77.000 77.000 80.000 88.000 80.000 74.000 71.000 73.000 70.000 70.000 62.000 59.000 4.000 25.000 9.000 7.000 0.000
