AAdist A 0.000 4.000 4.000 4.000 4.000 4.000 4.000 4.000 4.000 4.000 4.000 4.000 4.000 4.000 4.000 3.000 4.000 4.000 4.000 4.000
AAdist C 4.000 0.000 4.000 4.000 4.000 4.000 4.000 4.000 4.000 4.000 4.000 4.000 4.000 4.000 4.000 4.000 4.000 4.000 4.000 4.000
AAdist D 4.000 4.000 0.000 2.000 4.000 4.000 4.000 4.000 4.000 4.000 4.000 3.000 4.000 4.000 4.000 4.000 4.000 4.000 4.000 4.000
AAdist E 4.000 4.000 2.000 0.000 4.000 4.000 4.000 4.000 3.000 4.000 4.000 4.000 4.000 2.000 4.000 4.000 4.000 4.000 4.000 4.000
AAdist F 4.000 4.000 4.000 4.000 0.000 4.000 4.000 4.000 4.000 4.000 4.000 4.000 4.000 4.000 4.000 4.000 4.000 4.000 3.000 1.000
AAdist G 4.000 4.000 4.000 4.000 4.000 0.000 4.000 4.000 4.000 4.000 4.000 4.000 4.000 4.000 4.000 4.000 4.000 4.000 4.000 4.000
AAdist H 4.000 4.000 4.000 4.000 4.000 4.000 0.000 4.000 4.000 4.000 4.000 3.000 4.000 4.000 4.000 4.000 4.000 4.000 4.000 2.000
AAdist I 4.000 4.000 4.000 4.000 4.000 4.000 4.000 0.000 4.000 2.000 3.000 4.000 4.000 4.000 4.000 4.000 4.000 1.000 4.000 4.000
AAdist K 4.000 4.000 4.000 3.000 4.000 4.000 4.000 4.000 0.000 4.000 4.000 4.000 4.000 3.000 2.000 4.000 4.000 4.000 4.000 4.000
AAdist L 4.000 4.000 4.000 4.000 4.000 4.000 4.000 2.000 4.000 0.000 2.000 4.000 4.000 4.000 4.000 4.000 4.000 3.000 4.000 4.000
AAdist M 4.000 4.000 4.000 4.000 4.000 4.000 4.000 3.000 4.000 2.000 0.000 4.000 4.000 4.000 4.000 4.000 4.000 3.000 4.000 4.000
AAdist N 4.000 4.000 3.000 4.000 4.000 4.000 3.000 4.000 4.000 4.000 4.000 0.000 4.000 4.000 4.000 3.000 4.000 4.000 4.000 4.000
AAdist P 4.000 4.000 4.000 4.000 4.000 4.000 4.000 4.000 4.000 4.000 4.000 4.000 0.000 4.000 4.000 4.000 4.000 4.000 4.000 4.000
AAdist Q 4.000 4.000 4.000 2.000 4.000 4.000 4.000 4.000 3.000 4.000 4.000 4.000 4.000 0.000 3.000 4.000 4.000 4.000 4.000 4.000
AAdist R 4.000 4.000 4.000 4.000 4.000 4.000 4.000 4.000 2.000 4.000 4.000 4.000 4.000 3.000 0.000 4.000 4.000 4.000 4.000 4.000
AAdist S 3.000 4.000 4.000 4.000 4.000 4.000 4.000 4.000 4.000 4.000 4.000 3.000 4.000 4.000 4.000 0.000 3.000 4.000 4.000 4.000
AAdist T 4.000 4.000 4.000 4.000 4.000 4.000 4.000 4.000 4.000 4.000 4.000 4.000 4.000 4.000 4.000 3.000 0.000 4.000 4.000 4.000
AAdist V 4.000 4.000 4.000 4.000 4.000 4.000 4.000 1.000 4.000 3.000 3.000 4.000 4.000 4.000 4.000 4.000 4.000 0.000 4.000 4.000
AAdist W 4.000 4.000 4.000 4.000 3.000 4.000 4.000 4.000 4.000 4.000 4.000 4.000 4.000 4.000 4.000 4.000 4.000 4.000 0.000 2.000
AAdist Y 4.000 4.000 4.000 4.000 1.000 4.000 2.000 4.000 4.000 4.000 4.000 4.000 4.000 4.000 4.000 4.000 4.000 4.000 2.000 0.000
num_VA_genes 41
VAdist TRAV10*01 0.000 68.000 65.000 76.000 50.000 67.000 53.000 63.000 71.000 75.000 65.000 62.000 56.000 70.000 65.000 72.000 64.000 74.000 78.000 66.000 64.000 63.000 64.000 64.000 66.000 66.000 72.000 71.000 73.000 55.000 56.000 61.000 61.000 56.000 51.000 61.000 56.000 62.000 56.000 51.000 61.000
VAdist TRAV12*01 68.000 0.000 57.000 64.000 48.000 50.000 58.000 58.000 60.000 65.000 66.000 53.000 57.000 71.000 51.000 67.000 42.000 63.000 72.000 65.000 53.000 53.000 53.000 53.000 53.000 54.000 66.000 67.000 49.000 57.000 60.000 62.000 59.000 60.000 59.000 62.000 60.000 59.000 60.000 56.000 59.000
VAdist TRAV17*01 65.000 57.000 0.000 65.000 45.000 50.000 53.000 51.000 58.000 66.000 63.000 52.000 43.000 64.000 59.000 64.000 54.000 58.000 64.000 66.000 52.000 53.000 52.000 52.000 55.000 54.000 74.000 66.000 64.000 58.000 48.000 59.000 60.000 51.000 46.000 59.000 51.000 64.000 51.000 46.000 60.000
VAdist TRAV19*01 76.000 64.000 65.000 0.000 65.000 74.000 68.000 74.000 81.000 75.000 76.000 72.000 67.000 61.000 79.000 78.000 64.000 44.000 47.000 78.000 76.000 72.000 76.000 76.000 76.000 76.000 72.000 63.000 65.000 63.000 68.000 70.000 67.000 68.000 69.000 70.000 68.000 63.000 68.000 66.000 63.000
VAdist TRAV21*01 50.000 48.000 45.000 65.000 0.000 54.000 51.000 54.000 67.000 76.000 65.000 58.000 60.000 68.000 59.000 70.000 48.000 65.000 67.000 68.000 61.000 60.000 61.000 61.000 65.000 65.000 79.000 75.000 62.000 51.000 53.000 56.000 57.000 53.000 47.000 54.000 53.000 58.000 53.000 47.000 57.000
VAdist TRAV22*01 67.000 50.000 50.000 74.000 54.000 0.000 59.000 53.000 56.000 65.000 62.000 27.000 60.000 76.000 54.000 67.000 66.000 69.000 74.000 64.000 34.000 37.000 34.000 34.000 38.000 38.000 68.000 71.000 59.000 67.000 64.000 65.000 66.000 64.000 60.000 65.000 64.000 71.000 64.000 60.000 66.000
VAdist TRAV23*01 53.000 58.000 53.000 68.000 51.000 59.000 0.000 58.000 68.000 61.000 67.000 70.000 43.000 70.000 68.000 69.000 62.000 65.000 69.000 71.000 66.000 67.000 66.000 66.000 69.000 68.000 71.000 66.000 60.000 60.000 57.000 68.000 65.000 57.000 56.000 68.000 57.000 65.000 57.000 56.000 65.000
VAdist TRAV24*01 63.000 58.000 51.000 74.000 54.000 53.000 58.000 0.000 67.000 74.000 58.000 56.000 54.000 69.000 58.000 61.000 56.000 72.000 69.000 70.000 46.000 45.000 46.000 46.000 46.000 46.000 73.000 64.000 67.000 61.000 64.000 68.000 68.000 64.000 60.000 68.000 64.000 69.000 64.000 60.000 68.000
VAdist TRAV25*01 71.000 60.000 58.000 81.000 67.000 56.000 68.000 67.000 0.000 63.000 44.000 56.000 60.000 73.000 52.000 44.000 70.000 68.000 76.000 53.000 49.000 50.000 49.000 49.000 55.000 51.000 72.000 70.000 66.000 70.000 67.000 63.000 63.000 68.000 68.000 63.000 68.000 63.000 68.000 68.000 63.000
VAdist TRAV26*01 75.000 65.000 66.000 75.000 76.000 65.000 61.000 74.000 63.000 0.000 65.000 68.000 65.000 71.000 72.000 68.000 72.000 61.000 59.000 63.000 69.000 69.000 69.000 69.000 71.000 71.000 58.000 74.000 61.000 70.000 60.000 67.000 61.000 59.000 64.000 67.000 59.000 65.000 59.000 63.000 61.000
VAdist TRAV27*01 65.000 66.000 63.000 76.000 65.000 62.000 67.000 58.000 44.000 65.000 0.000 62.000 62.000 67.000 59.000 38.000 72.000 69.000 75.000 59.000 58.000 57.000 58.000 58.000 60.000 60.000 76.000 64.000 63.000 60.000 58.000 58.000 57.000 58.000 60.000 58.000 58.000 62.000 58.000 60.000 57.000
VAdist TRAV28*01 62.000 53.000 52.000 72.000 58.000 27.000 70.000 56.000 56.000 68.000 62.000 0.000 62.000 80.000 50.000 65.000 66.000 75.000 80.000 61.000 23.000 34.000 23.000 23.000 27.000 27.000 61.000 70.000 64.000 65.000 61.000 61.000 65.000 65.000 61.000 61.000 65.000 66.000 65.000 61.000 65.000
VAdist TRAV29*01 56.000 57.000 43.000 67.000 60.000 60.000 43.000 54.000 60.000 65.000 62.000 62.000 0.000 67.000 63.000 63.000 55.000 62.000 66.000 71.000 54.000 58.000 54.000 54.000 57.000 56.000 70.000 64.000 60.000 56.000 56.000 60.000 61.000 59.000 60.000 60.000 59.000 61.000 59.000 60.000 61.000
VAdist TRAV33*01 70.000 71.000 64.000 61.000 68.000 76.000 70.000 69.000 73.000 71.000 67.000 80.000 67.000 0.000 73.000 74.000 72.000 60.000 52.000 67.000 80.000 73.000 80.000 80.000 82.000 82.000 70.000 79.000 77.000 60.000 56.000 48.000 52.000 56.000 52.000 48.000 56.000 60.000 56.000 52.000 52.000
VAdist TRAV34*01 65.000 51.000 59.000 79.000 59.000 54.000 68.000 58.000 52.000 72.000 59.000 50.000 63.000 73.000 0.000 61.000 61.000 78.000 78.000 65.000 47.000 48.000 47.000 47.000 48.000 48.000 66.000 76.000 67.000 69.000 69.000 72.000 72.000 73.000 72.000 72.000 73.000 72.000 73.000 72.000 72.000
VAdist TRAV35*01 72.000 67.000 64.000 78.000 70.000 67.000 69.000 61.000 44.000 68.000 38.000 65.000 63.000 74.000 61.000 0.000 72.000 70.000 80.000 67.000 57.000 59.000 57.000 57.000 61.000 57.000 79.000 68.000 60.000 67.000 62.000 59.000 57.000 63.000 72.000 59.000 63.000 61.000 63.000 72.000 57.000
VAdist TRAV37*01 64.000 42.000 54.000 64.000 48.000 66.000 62.000 56.000 70.000 72.000 72.000 66.000 55.000 72.000 61.000 72.000 0.000 63.000 73.000 70.000 60.000 60.000 60.000 60.000 61.000 61.000 71.000 70.000 68.000 62.000 65.000 64.000 61.000 61.000 62.000 64.000 61.000 61.000 61.000 59.000 61.000
VAdist TRAV38-1*01 74.000 63.000 58.000 44.000 65.000 69.000 65.000 72.000 68.000 61.000 69.000 75.000 62.000 60.000 78.000 70.000 63.000 0.000 18.000 70.000 71.000 75.000 71.000 71.000 77.000 73.000 74.000 64.000 66.000 62.000 57.000 59.000 55.000 57.000 61.000 59.000 57.000 59.000 57.000 58.000 55.000
VAdist TRAV38-2*01 78.000 72.000 64.000 47.000 67.000 74.000 69.000 69.000 76.000 59.000 75.000 80.000 66.000 52.000 78.000 80.000 73.000 18.000 0.000 74.000 80.000 76.000 80.000 80.000 82.000 82.000 74.000 67.000 70.000 68.000 64.000 65.000 65.000 64.000 66.000 65.000 64.000 69.000 64.000 66.000 65.000
VAdist TRAV40*01 66.000 65.000 66.000 78.000 68.000 64.000 71.000 70.000 53.000 63.000 59.000 61.000 71.000 67.000 65.000 67.000 70.000 70.000 74.000 0.000 65.000 62.000 65.000 65.000 67.000 67.000 74.000 64.000 63.000 70.000 61.000 60.000 58.000 61.000 64.000 60.000 61.000 67.000 61.000 63.000 59.000
VAdist TRAV43-1*01 64.000 53.000 52.000 76.000 61.000 34.000 66.000 46.000 49.000 69.000 58.000 23.000 54.000 80.000 47.000 57.000 60.000 71.000 80.000 65.000 0.000 15.000 0.000 0.000 8.000 4.000 62.000 67.000 67.000 67.000 65.000 68.000 69.000 69.000 65.000 68.000 69.000 70.000 69.000 65.000 69.000
VAdist TRAV43-2*01 63.000 53.000 53.000 72.000 60.000 37.000 67.000 45.000 50.000 69.000 57.000 34.000 58.000 73.000 48.000 59.000 60.000 75.000 76.000 62.000 15.000 0.000 15.000 15.000 19.000 19.000 62.000 70.000 67.000 68.000 70.000 65.000 66.000 70.000 68.000 65.000 70.000 66.000 70.000 68.000 66.000
VAdist TRAV43-3*01 64.000 53.000 52.000 76.000 61.000 34.000 66.000 46.000 49.000 69.000 58.000 23.000 54.000 80.000 47.000 57.000 60.000 71.000 80.000 65.000 0.000 15.000 0.000 0.000 8.000 4.000 62.000 67.000 67.000 67.000 65.000 68.000 69.000 69.000 65.000 68.000 69.000 70.000 69.000 65.000 69.000
VAdist TRAV43-4*01 64.000 53.000 52.000 76.000 61.000 34.000 66.000 46.000 49.000 69.000 58.000 23.000 54.000 80.000 47.000 57.000 60.000 71.000 80.000 65.000 0.000 15.000 0.000 0.000 8.000 4.000 62.000 67.000 67.000 67.000 65.000 68.000 69.000 69.000 65.000 68.000 69.000 70.000 69.000 65.000 69.000
VAdist TRAV43-5*01 66.000 53.000 55.000 76.000 65.000 38.000 69.000 46.000 55.000 71.000 60.000 27.000 57.000 82.000 48.000 61.000 61.000 77.000 82.000 67.000 8.000 19.000 8.000 8.000 0.000 4.000 62.000 67.000 67.000 71.000 67.000 72.000 73.000 71.000 67.000 72.000 71.000 74.000 71.000 67.000 73.000
VAdist TRAV43-6*01 66.000 54.000 54.000 76.000 65.000 38.000 68.000 46.000 51.000 71.000 60.000 27.000 56.000 82.000 48.000 57.000 61.000 73.000 82.000 67.000 4.000 19.000 4.000 4.000 4.000 0.000 62.000 67.000 67.000 71.000 67.000 72.000 73.000 71.000 67.000 72.000 71.000 74.000 71.000 67.000 73.000
VAdist TRAV46*01 72.000 66.000 74.000 72.000 79.000 68.000 71.000 73.000 72.000 58.000 76.000 61.000 70.000 70.000 66.000 79.000 71.000 74.000 74.000 74.000 62.000 62.000 62.000 62.000 62.000 62.000 0.000 72.000 72.000 62.000 74.000 73.000 72.000 74.000 75.000 73.000 74.000 72.000 74.000 75.000 72.000
VAdist TRAV8-1*01 71.000 67.000 66.000 63.000 75.000 71.000 66.000 64.000 70.000 74.000 64.000 70.000 64.000 79.000 76.000 68.000 70.000 64.000 67.000 64.000 67.000 70.000 67.000 67.000 67.000 67.000 72.000 0.000 57.000 65.000 63.000 68.000 68.000 66.000 66.000 68.000 66.000 72.000 66.000 66.000 68.000
VAdist TRAV8-2*01 73.000 49.000 64.000 65.000 62.000 59.000 60.000 67.000 66.000 61.000 63.000 64.000 60.000 77.000 67.000 60.000 68.000 66.000 70.000 63.000 67.000 67.000 67.000 67.000 67.000 67.000 72.000 57.000 0.000 64.000 56.000 62.000 62.000 56.000 57.000 62.000 56.000 66.000 56.000 60.000 62.000
VAdist TRAV9-1*01 55.000 57.000 58.000 63.000 51.000 67.000 60.000 61.000 70.000 70.000 60.000 65.000 56.000 60.000 69.000 67.000 62.000 62.000 68.000 70.000 67.000 68.000 67.000 67.000 71.000 71.000 62.000 65.000 64.000 0.000 30.000 36.000 32.000 30.000 40.000 36.000 30.000 20.000 30.000 40.000 28.000
VAdist TRAV9-10*01 56.000 60.000 48.000 68.000 53.000 64.000 57.000 64.000 67.000 60.000 58.000 61.000 56.000 56.000 69.000 62.000 65.000 57.000 64.000 61.000 65.000 70.000 65.000 65.000 67.000 67.000 74.000 63.000 56.000 30.000 0.000 27.000 19.000 4.000 18.000 27.000 4.000 31.000 4.000 21.000 19.000
VAdist TRAV9-11*01 61.000 62.000 59.000 70.000 56.000 65.000 68.000 68.000 63.000 67.000 58.000 61.000 60.000 48.000 72.000 59.000 64.000 59.000 65.000 60.000 68.000 65.000 68.000 68.000 72.000 72.000 73.000 68.000 62.000 36.000 27.000 0.000 15.000 27.000 29.000 4.000 27.000 27.000 27.000 29.000 15.000
VAdist TRAV9-12*01 61.000 59.000 60.000 67.000 57.000 66.000 65.000 68.000 63.000 61.000 57.000 65.000 61.000 52.000 72.000 57.000 61.000 55.000 65.000 58.000 69.000 66.000 69.000 69.000 73.000 73.000 72.000 68.000 62.000 32.000 19.000 15.000 0.000 19.000 33.000 15.000 19.000 16.000 19.000 30.000 4.000
VAdist TRAV9-13*01 56.000 60.000 51.000 68.000 53.000 64.000 57.000 64.000 68.000 59.000 58.000 65.000 59.000 56.000 73.000 63.000 61.000 57.000 64.000 61.000 69.000 70.000 69.000 69.000 71.000 71.000 74.000 66.000 56.000 30.000 4.000 27.000 19.000 0.000 18.000 27.000 0.000 31.000 0.000 21.000 19.000
VAdist TRAV9-3*01 51.000 59.000 46.000 69.000 47.000 60.000 56.000 60.000 68.000 64.000 60.000 61.000 60.000 52.000 72.000 72.000 62.000 61.000 66.000 64.000 65.000 68.000 65.000 65.000 67.000 67.000 75.000 66.000 57.000 40.000 18.000 29.000 33.000 18.000 0.000 29.000 18.000 42.000 18.000 3.000 33.000
VAdist TRAV9-4*01 61.000 62.000 59.000 70.000 54.000 65.000 68.000 68.000 63.000 67.000 58.000 61.000 60.000 48.000 72.000 59.000 64.000 59.000 65.000 60.000 68.000 65.000 68.000 68.000 72.000 72.000 73.000 68.000 62.000 36.000 27.000 4.000 15.000 27.000 29.000 0.000 27.000 27.000 27.000 29.000 15.000
VAdist TRAV9-5*01 56.000 60.000 51.000 68.000 53.000 64.000 57.000 64.000 68.000 59.000 58.000 65.000 59.000 56.000 73.000 63.000 61.000 57.000 64.000 61.000 69.000 70.000 69.000 69.000 71.000 71.000 74.000 66.000 56.000 30.000 4.000 27.000 19.000 0.000 18.000 27.000 0.000 31.000 0.000 21.000 19.000
VAdist TRAV9-6*01 62.000 59.000 64.000 63.000 58.000 71.000 65.000 69.000 63.000 65.000 62.000 66.000 61.000 60.000 72.000 61.000 61.000 59.000 69.000 67.000 70.000 66.000 70.000 70.000 74.000 74.000 72.000 72.000 66.000 20.000 31.000 27.000 16.000 31.000 42.000 27.000 31.000 0.000 31.000 39.000 12.000
VAdist TRAV9-7*01 56.000 60.000 51.000 68.000 53.000 64.000 57.000 64.000 68.000 59.000 58.000 65.000 59.000 56.000 73.000 63.000 61.000 57.000 64.000 61.000 69.000 70.000 69.000 69.000 71.000 71.000 74.000 66.000 56.000 30.000 4.000 27.000 19.000 0.000 18.000 27.000 0.000 31.000 0.000 21.000 19.000
VAdist TRAV9-8*01 51.000 56.000 46.000 66.000 47.000 60.000 56.000 60.000 68.000 63.000 60.000 61.000 60.000 52.000 72.000 72.000 59.000 58.000 66.000 63.000 65.000 68.000 65.000 65.000 67.000 67.000 75.000 66.000 60.000 40.000 21.000 29.000 30.000 21.000 3.000 29.000 21.000 39.000 21.000 0.000 30.000
VAdist TRAV9-9*01 61.000 59.000 60.000 63.000 57.000 66.000 65.000 68.000 63.000 61.000 57.000 65.000 61.000 52.000 72.000 57.000 61.000 55.000 65.000 59.000 69.000 66.000 69.000 69.000 73.000 73.000 72.000 68.000 62.000 28.000 19.000 15.000 4.000 19.000 33.000 15.000 19.000 12.000 19.000 30.000 0.000
num_VB_genes 28
VBdist TRBV1*01 0.000 55.000 65.000 66.000 64.000 63.000 61.000 63.000 56.000 61.000 64.000 60.000 68.000 66.000 61.000 67.000 72.000 58.000 61.000 62.000 54.000 54.000 54.000 54.000 62.000 63.000 67.000 62.000
VBdist TRBV10*01 55.000 0.000 60.000 50.000 53.000 58.000 58.000 38.000 54.000 59.000 48.000 36.000 32.000 44.000 44.000 38.000 58.000 56.000 52.000 49.000 55.000 57.000 57.000 57.000 55.000 61.000 60.000 61.000
VBdist TRBV12-1*01 65.000 60.000 0.000 29.000 43.000 41.000 43.000 53.000 56.000 48.000 56.000 56.000 58.000 56.000 54.000 56.000 58.000 39.000 32.000 35.000 66.000 37.000 37.000 37.000 33.000 37.000 35.000 38.000
VBdist TRBV12-2*01 66.000 50.000 29.000 0.000 56.000 50.000 47.000 49.000 55.000 46.000 54.000 55.000 53.000 54.000 50.000 52.000 52.000 37.000 36.000 36.000 67.000 48.000 48.000 48.000 47.000 39.000 41.000 30.000
VBdist TRBV15*01 64.000 53.000 43.000 56.000 0.000 40.000 53.000 50.000 66.000 44.000 53.000 55.000 48.000 47.000 51.000 48.000 63.000 42.000 38.000 38.000 64.000 35.000 35.000 35.000 42.000 38.000 37.000 51.000
VBdist TRBV16*01 63.000 58.000 41.000 50.000 40.000 0.000 35.000 55.000 65.000 27.000 61.000 51.000 56.000 59.000 61.000 55.000 67.000 49.000 46.000 50.000 59.000 46.000 46.000 46.000 46.000 48.000 50.000 42.000
VBdist TRBV18*01 61.000 58.000 43.000 47.000 53.000 35.000 0.000 55.000 66.000 33.000 46.000 49.000 54.000 56.000 55.000 59.000 62.000 49.000 50.000 51.000 57.000 50.000 50.000 50.000 50.000 51.000 43.000 43.000
VBdist TRBV19*01 63.000 38.000 53.000 49.000 50.000 55.000 55.000 0.000 58.000 51.000 40.000 46.000 39.000 41.000 46.000 40.000 63.000 48.000 52.000 46.000 55.000 53.000 54.000 53.000 52.000 54.000 52.000 52.000
VBdist TRBV20*01 56.000 54.000 56.000 55.000 66.000 65.000 66.000 58.000 0.000 72.000 68.000 62.000 67.000 63.000 63.000 67.000 43.000 71.000 66.000 67.000 67.000 70.000 70.000 70.000 69.000 66.000 63.000 60.000
VBdist TRBV21*01 61.000 59.000 48.000 46.000 44.000 27.000 33.000 51.000 72.000 0.000 55.000 52.000 55.000 57.000 55.000 50.000 62.000 44.000 41.000 44.000 62.000 46.000 46.000 46.000 48.000 44.000 45.000 36.000
VBdist TRBV22*01 64.000 48.000 56.000 54.000 53.000 61.000 46.000 40.000 68.000 55.000 0.000 51.000 42.000 42.000 45.000 47.000 65.000 45.000 45.000 46.000 54.000 47.000 51.000 47.000 42.000 58.000 58.000 56.000
VBdist TRBV24*01 60.000 36.000 56.000 55.000 55.000 51.000 49.000 46.000 62.000 52.000 51.000 0.000 34.000 39.000 49.000 43.000 63.000 48.000 52.000 55.000 54.000 53.000 53.000 53.000 46.000 57.000 53.000 58.000
VBdist TRBV25*01 68.000 32.000 58.000 53.000 48.000 56.000 54.000 39.000 67.000 55.000 42.000 34.000 0.000 43.000 44.000 31.000 67.000 48.000 51.000 48.000 55.000 52.000 52.000 52.000 51.000 53.000 53.000 56.000
VBdist TRBV26*01 66.000 44.000 56.000 54.000 47.000 59.000 56.000 41.000 63.000 57.000 42.000 39.000 43.000 0.000 44.000 40.000 61.000 55.000 53.000 53.000 58.000 53.000 54.000 53.000 50.000 49.000 53.000 53.000
VBdist TRBV27*01 61.000 44.000 54.000 50.000 51.000 61.000 55.000 46.000 63.000 55.000 45.000 49.000 44.000 44.000 0.000 41.000 61.000 46.000 44.000 41.000 61.000 46.000 50.000 46.000 55.000 52.000 56.000 52.000
VBdist TRBV28*01 67.000 38.000 56.000 52.000 48.000 55.000 59.000 40.000 67.000 50.000 47.000 43.000 31.000 40.000 41.000 0.000 64.000 47.000 48.000 46.000 57.000 54.000 54.000 54.000 54.000 49.000 53.000 49.000
VBdist TRBV29*01 72.000 58.000 58.000 52.000 63.000 67.000 62.000 63.000 43.000 62.000 65.000 63.000 67.000 61.000 61.000 64.000 0.000 68.000 60.000 60.000 71.000 64.000 64.000 64.000 67.000 58.000 57.000 54.000
VBdist TRBV3-1*01 58.000 56.000 39.000 37.000 42.000 49.000 49.000 48.000 71.000 44.000 45.000 48.000 48.000 55.000 46.000 47.000 68.000 0.000 14.000 14.000 67.000 29.000 33.000 29.000 30.000 43.000 37.000 47.000
VBdist TRBV3-2*01 61.000 52.000 32.000 36.000 38.000 46.000 50.000 52.000 66.000 41.000 45.000 52.000 51.000 53.000 44.000 48.000 60.000 14.000 0.000 6.000 67.000 19.000 23.000 19.000 23.000 41.000 42.000 43.000
VBdist TRBV3-3*01 62.000 49.000 35.000 36.000 38.000 50.000 51.000 46.000 67.000 44.000 46.000 55.000 48.000 53.000 41.000 46.000 60.000 14.000 6.000 0.000 67.000 19.000 23.000 19.000 29.000 41.000 42.000 44.000
VBdist TRBV30*01 54.000 55.000 66.000 67.000 64.000 59.000 57.000 55.000 67.000 62.000 54.000 54.000 55.000 58.000 61.000 57.000 71.000 67.000 67.000 67.000 0.000 66.000 66.000 66.000 58.000 63.000 67.000 65.000
VBdist TRBV4-1*01 54.000 57.000 37.000 48.000 35.000 46.000 50.000 53.000 70.000 46.000 47.000 53.000 52.000 53.000 46.000 54.000 64.000 29.000 19.000 19.000 66.000 0.000 4.000 0.000 15.000 44.000 45.000 42.000
VBdist TRBV4-2*01 54.000 57.000 37.000 48.000 35.000 46.000 50.000 54.000 70.000 46.000 51.000 53.000 52.000 54.000 50.000 54.000 64.000 33.000 23.000 23.000 66.000 4.000 0.000 4.000 19.000 45.000 45.000 42.000
VBdist TRBV4-3*01 54.000 57.000 37.000 48.000 35.000 46.000 50.000 53.000 70.000 46.000 47.000 53.000 52.000 53.000 46.000 54.000 64.000 29.000 19.000 19.000 66.000 0.000 4.000 0.000 15.000 44.000 45.000 42.000
VBdist TRBV4-4*01 62.000 55.000 33.000 47.000 42.000 46.000 50.000 52.000 69.000 48.000 42.000 46.000 51.000 50.000 55.000 54.000 67.000 30.000 23.000 29.000 58.000 15.000 19.000 15.000 0.000 48.000 46.000 47.000
VBdist TRBV5-2*01 63.000 61.000 37.000 39.000 38.000 48.000 51.000 54.000 66.000 44.000 58.000 57.000 53.000 49.000 52.000 49.000 58.000 43.000 41.000 41.000 63.000 44.000 45.000 44.000 48.000 0.000 23.000 36.000
VBdist TRBV5-4*01 67.000 60.000 35.000 41.000 37.000 50.000 43.000 52.000 63.000 45.000 58.000 53.000 53.000 53.000 56.000 53.000 57.000 37.000 42.000 42.000 67.000 45.000 45.000 45.000 46.000 23.000 0.000 39.000
VBdist TRBV7*01 62.000 61.000 38.000 30.000 51.000 42.000 43.000 52.000 60.000 36.000 56.000 58.000 56.000 53.000 52.000 49.000 54.000 47.000 43.000 44.000 65.000 42.000 42.000 42.000 47.000 36.000 39.000 0.000
