AAdist A 0.000 4.000 4.000 4.000 4.000 4.000 4.000 4.000 4.000 4.000 4.000 4.000 4.000 4.000 4.000 3.000 4.000 4.000 4.000 4.000
AAdist C 4.000 0.000 4.000 4.000 4.000 4.000 4.000 4.000 4.000 4.000 4.000 4.000 4.000 4.000 4.000 4.000 4.000 4.000 4.000 4.000
AAdist D 4.000 4.000 0.000 2.000 4.000 4.000 4.000 4.000 4.000 4.000 4.000 3.000 4.000 4.000 4.000 4.000 4.000 4.000 4.000 4.000
AAdist E 4.000 4.000 2.000 0.000 4.000 4.000 4.000 4.000 3.000 4.000 4.000 4.000 4.000 2.000 4.000 4.000 4.000 4.000 4.000 4.000
AAdist F 4.000 4.000 4.000 4.000 0.000 4.000 4.000 4.000 4.000 4.000 4.000 4.000 4.000 4.000 4.000 4.000 4.000 4.000 3.000 1.000
AAdist G 4.000 4.000 4.000 4.000 4.000 0.000 4.000 4.000 4.000 4.000 4.000 4.000 4.000 4.000 4.000 4.000 4.000 4.000 4.000 4.000
AAdist H 4.000 4.000 4.000 4.000 4.000 4.000 0.000 4.000 4.000 4.000 4.000 3.000 4.000 4.000 4.000 4.000 4.000 4.000 4.000 2.000
AAdist I 4.000 4.000 4.000 4.000 4.000 4.000 4.000 0.000 4.000 2.000 3.000 4.000 4.000 4.000 4.000 4.000 4.000 1.000 4.000 4.000
AAdist K 4.000 4.000 4.000 3.000 4.000 4.000 4.000 4.000 0.000 4.000 4.000 4.000 4.000 3.000 2.000 4.000 4.000 4.000 4.000 4.000
AAdist L 4.000 4.000 4.000 4.000 4.000 4.000 4.000 2.000 4.000 0.000 2.000 4.000 4.000 4.000 4.000 4.000 4.000 3.000 4.000 4.000
AAdist M 4.000 4.000 4.000 4.000 4.000 4.000 4.000 3.000 4.000 2.000 0.000 4.000 4.000 4.000 4.000 4.000 4.000 3.000 4.000 4.000
AAdist N 4.000 4.000 3.000 4.000 4.000 4.000 3.000 4.000 4.000 4.000 4.000 0.000 4.000 4.000 4.000 3.000 4.000 4.000 4.000 4.000
AAdist P 4.000 4.000 4.000 4.000 4.000 4.000 4.000 4.000 4.000 4.000 4.000 4.000 0.000 4.000 4.000 4.000 4.000 4.000 4.000 4.000
AAdist Q 4.000 4.000 4.000 2.000 4.000 4.000 4.000 4.000 3.000 4.000 4.000 4.000 4.000 0.000 3.000 4.000 4.000 4.000 4.000 4.000
AAdist R 4.000 4.000 4.000 4.000 4.000 4.000 4.000 4.000 2.000 4.000 4.000 4.000 4.000 3.000 0.000 4.000 4.000 4.000 4.000 4.000
AAdist S 3.000 4.000 4.000 4.000 4.000 4.000 4.000 4.000 4.000 4.000 4.000 3.000 4.000 4.000 4.000 0.000 3.000 4.000 4.000 4.000
AAdist T 4.000 4.000 4.000 4.000 4.000 4.000 4.000 4.000 4.000 4.000 4.000 4.000 4.000 4.000 4.000 3.000 0.000 4.000 4.000 4.000
AAdist V 4.000 4.000 4.000 4.000 4.000 4.000 4.000 1.000 4.000 3.000 3.000 4.000 4.000 4.000 4.000 4.000 4.000 0.000 4.000 4.000
AAdist W 4.000 4.000 4.000 4.000 3.000 4.000 4.000 4.000 4.000 4.000 4.000 4.000 4.000 4.000 4.000 4.000 4.000 4.000 0.000 2.000
AAdist Y 4.000 4.000 4.000 4.000 1.000 4.000 2.000 4.000 4.000 4.000 4.000 4.000 4.000 4.000 4.000 4.000 4.000 4.000 2.000 0.000
num_VA_genes 99
VAdist IGKV1-1*01 0.000 38.000 35.000 38.000 35.000 31.000 50.000 47.000 46.000 55.000 26.000 41.000 55.000 58.000 58.000 58.000 51.000 51.000 51.000 55.000 52.000 52.000 52.000 54.000 54.000 51.000 54.000 51.000 51.000 51.000 51.000 58.000 58.000 58.000 58.000 51.000 51.000 54.000 52.000 54.000 51.000 51.000 51.000 51.000 51.000 55.000 52.000 54.000 51.000 59.000 59.000 54.000 52.000 54.000 51.000 58.000 51.000 54.000 55.000 58.000 53.000 54.000 54.000 54.000 54.000 51.000 54.000 51.000 51.000 51.000 48.000 56.000 56.000 48.000 46.000 46.000 44.000 42.000 42.000 43.000 88.000 88.000 87.000 87.000 88.000 87.000 87.000 87.000 87.000 87.000 84.000 55.000 57.000 57.000 57.000 54.000 57.000 55.000 57.000
VAdist IGKV1-17*01 38.000 0.000 24.000 16.000 23.000 28.000 53.000 39.000 46.000 44.000 29.000 22.000 50.000 44.000 44.000 44.000 43.000 43.000 39.000 43.000 51.000 50.000 50.000 47.000 43.000 50.000 46.000 43.000 50.000 50.000 50.000 44.000 44.000 44.000 44.000 50.000 43.000 40.000 45.000 47.000 43.000 39.000 43.000 43.000 43.000 43.000 45.000 47.000 43.000 42.000 42.000 40.000 47.000 40.000 47.000 42.000 43.000 47.000 43.000 44.000 50.000 47.000 47.000 47.000 47.000 45.000 47.000 45.000 45.000 45.000 45.000 48.000 48.000 42.000 45.000 45.000 41.000 38.000 38.000 42.000 84.000 84.000 83.000 84.000 84.000 83.000 87.000 83.000 83.000 83.000 83.000 47.000 47.000 47.000 47.000 47.000 48.000 47.000 47.000
VAdist IGKV1-21*01 35.000 24.000 0.000 10.000 7.000 10.000 44.000 34.000 37.000 37.000 22.000 14.000 43.000 43.000 43.000 43.000 41.000 41.000 44.000 44.000 47.000 46.000 46.000 46.000 46.000 42.000 46.000 41.000 42.000 42.000 42.000 43.000 43.000 43.000 43.000 42.000 41.000 43.000 42.000 46.000 41.000 44.000 41.000 41.000 41.000 44.000 42.000 46.000 41.000 51.000 51.000 43.000 42.000 39.000 41.000 50.000 41.000 46.000 44.000 43.000 46.000 46.000 46.000 46.000 46.000 44.000 50.000 44.000 48.000 48.000 48.000 49.000 49.000 40.000 39.000 39.000 32.000 36.000 36.000 32.000 80.000 80.000 83.000 80.000 80.000 77.000 87.000 83.000 77.000 77.000 84.000 44.000 54.000 54.000 54.000 44.000 47.000 44.000 54.000
VAdist IGKV1-4*01 38.000 16.000 10.000 0.000 13.000 18.000 48.000 32.000 41.000 37.000 22.000 14.000 46.000 36.000 36.000 36.000 40.000 40.000 47.000 43.000 47.000 46.000 46.000 47.000 47.000 42.000 42.000 40.000 42.000 42.000 42.000 36.000 36.000 36.000 36.000 42.000 40.000 40.000 43.000 47.000 40.000 47.000 40.000 40.000 40.000 43.000 43.000 47.000 40.000 51.000 51.000 40.000 43.000 36.000 44.000 51.000 40.000 47.000 43.000 36.000 47.000 44.000 44.000 44.000 44.000 43.000 48.000 43.000 47.000 47.000 47.000 44.000 44.000 43.000 43.000 43.000 39.000 35.000 35.000 34.000 77.000 77.000 80.000 77.000 77.000 75.000 84.000 80.000 75.000 75.000 84.000 43.000 52.000 52.000 52.000 43.000 44.000 43.000 52.000
VAdist IGKV1-6*01 35.000 23.000 7.000 13.000 0.000 9.000 47.000 35.000 40.000 40.000 24.000 17.000 45.000 45.000 45.000 45.000 43.000 43.000 44.000 46.000 49.000 48.000 48.000 46.000 46.000 44.000 46.000 43.000 44.000 44.000 44.000 45.000 45.000 45.000 45.000 44.000 43.000 43.000 45.000 46.000 43.000 44.000 43.000 43.000 43.000 46.000 45.000 46.000 43.000 51.000 51.000 43.000 45.000 41.000 43.000 50.000 43.000 46.000 46.000 45.000 49.000 49.000 49.000 49.000 49.000 46.000 51.000 46.000 48.000 48.000 48.000 51.000 51.000 40.000 41.000 41.000 34.000 37.000 37.000 34.000 80.000 80.000 83.000 80.000 80.000 79.000 87.000 83.000 79.000 79.000 80.000 46.000 55.000 55.000 55.000 46.000 49.000 46.000 55.000
VAdist IGKV1-7*01 31.000 28.000 10.000 18.000 9.000 0.000 50.000 36.000 43.000 43.000 28.000 20.000 45.000 45.000 45.000 45.000 43.000 43.000 44.000 46.000 49.000 48.000 48.000 46.000 46.000 44.000 46.000 43.000 44.000 44.000 44.000 45.000 45.000 45.000 45.000 44.000 43.000 43.000 44.000 46.000 43.000 44.000 43.000 43.000 43.000 46.000 44.000 46.000 43.000 51.000 51.000 43.000 44.000 41.000 43.000 50.000 43.000 46.000 46.000 45.000 49.000 49.000 49.000 49.000 49.000 46.000 51.000 46.000 48.000 48.000 48.000 51.000 51.000 44.000 41.000 41.000 34.000 38.000 38.000 34.000 80.000 80.000 83.000 80.000 80.000 79.000 87.000 83.000 79.000 79.000 84.000 45.000 55.000 55.000 55.000 45.000 48.000 45.000 55.000
VAdist IGKV2-14*01 50.000 53.000 44.000 48.000 47.000 50.000 0.000 41.000 13.000 35.000 53.000 50.000 50.000 62.000 62.000 62.000 56.000 56.000 59.000 55.000 62.000 61.000 61.000 62.000 62.000 61.000 64.000 56.000 61.000 61.000 61.000 62.000 62.000 62.000 62.000 61.000 56.000 61.000 57.000 62.000 56.000 59.000 56.000 56.000 56.000 55.000 57.000 62.000 56.000 64.000 64.000 61.000 59.000 58.000 56.000 63.000 56.000 62.000 55.000 62.000 53.000 54.000 54.000 54.000 54.000 49.000 58.000 49.000 57.000 57.000 61.000 61.000 61.000 61.000 61.000 61.000 62.000 63.000 63.000 57.000 90.000 90.000 87.000 90.000 90.000 86.000 88.000 87.000 86.000 86.000 90.000 62.000 70.000 70.000 70.000 62.000 65.000 62.000 70.000
VAdist IGKV2-15*01 47.000 39.000 34.000 32.000 35.000 36.000 41.000 0.000 34.000 9.000 39.000 39.000 48.000 48.000 48.000 48.000 44.000 44.000 52.000 45.000 56.000 55.000 55.000 54.000 54.000 55.000 57.000 44.000 55.000 55.000 55.000 48.000 48.000 48.000 48.000 55.000 44.000 55.000 52.000 54.000 44.000 52.000 44.000 44.000 44.000 45.000 52.000 54.000 44.000 63.000 63.000 55.000 52.000 48.000 48.000 62.000 44.000 54.000 45.000 48.000 51.000 48.000 48.000 48.000 48.000 45.000 51.000 45.000 52.000 52.000 56.000 51.000 51.000 60.000 59.000 59.000 57.000 49.000 49.000 56.000 88.000 88.000 87.000 88.000 88.000 87.000 91.000 87.000 87.000 87.000 84.000 52.000 59.000 59.000 59.000 52.000 55.000 52.000 59.000
VAdist IGKV2-8*01 46.000 46.000 37.000 41.000 40.000 43.000 13.000 34.000 0.000 36.000 46.000 43.000 40.000 51.000 51.000 51.000 49.000 49.000 48.000 45.000 52.000 51.000 51.000 52.000 52.000 51.000 54.000 48.000 51.000 51.000 51.000 51.000 51.000 51.000 51.000 51.000 48.000 51.000 47.000 52.000 48.000 48.000 49.000 49.000 49.000 45.000 47.000 52.000 48.000 62.000 62.000 51.000 49.000 48.000 46.000 61.000 49.000 52.000 45.000 51.000 43.000 44.000 44.000 44.000 44.000 39.000 48.000 39.000 47.000 47.000 54.000 51.000 51.000 60.000 58.000 58.000 55.000 56.000 56.000 50.000 87.000 87.000 84.000 87.000 87.000 86.000 88.000 84.000 86.000 86.000 87.000 51.000 59.000 59.000 59.000 51.000 54.000 51.000 59.000
VAdist IGKV2-9*01 55.000 44.000 37.000 37.000 40.000 43.000 35.000 9.000 36.000 0.000 43.000 42.000 51.000 52.000 52.000 52.000 48.000 48.000 56.000 49.000 60.000 59.000 59.000 58.000 58.000 59.000 61.000 48.000 59.000 59.000 59.000 52.000 52.000 52.000 52.000 59.000 48.000 59.000 55.000 58.000 48.000 56.000 48.000 48.000 48.000 49.000 55.000 58.000 48.000 61.000 61.000 59.000 55.000 52.000 52.000 60.000 48.000 58.000 49.000 52.000 55.000 52.000 52.000 52.000 52.000 49.000 55.000 49.000 56.000 56.000 60.000 55.000 55.000 58.000 59.000 59.000 59.000 53.000 53.000 59.000 88.000 88.000 87.000 88.000 88.000 87.000 91.000 87.000 87.000 87.000 84.000 57.000 63.000 63.000 63.000 57.000 60.000 57.000 63.000
VAdist IGKV6-5*01 26.000 29.000 22.000 22.000 24.000 28.000 53.000 39.000 46.000 43.000 0.000 30.000 51.000 50.000 50.000 50.000 47.000 47.000 48.000 51.000 51.000 50.000 50.000 50.000 50.000 40.000 46.000 47.000 40.000 40.000 40.000 50.000 50.000 50.000 50.000 39.000 47.000 51.000 50.000 50.000 47.000 48.000 47.000 47.000 47.000 51.000 50.000 50.000 47.000 55.000 55.000 51.000 50.000 47.000 48.000 54.000 47.000 50.000 51.000 50.000 51.000 54.000 54.000 54.000 54.000 51.000 54.000 51.000 51.000 51.000 47.000 50.000 50.000 35.000 42.000 42.000 40.000 36.000 36.000 36.000 80.000 80.000 76.000 81.000 80.000 79.000 80.000 76.000 79.000 79.000 76.000 51.000 53.000 53.000 53.000 50.000 53.000 51.000 53.000
VAdist IGKV8-3*01 41.000 22.000 14.000 14.000 17.000 20.000 50.000 39.000 43.000 42.000 30.000 0.000 47.000 43.000 43.000 43.000 44.000 44.000 48.000 47.000 47.000 46.000 46.000 46.000 42.000 48.000 47.000 44.000 48.000 48.000 48.000 43.000 43.000 43.000 43.000 48.000 44.000 44.000 40.000 46.000 44.000 48.000 44.000 44.000 44.000 47.000 40.000 46.000 44.000 47.000 47.000 44.000 42.000 40.000 45.000 46.000 44.000 46.000 47.000 43.000 46.000 45.000 45.000 45.000 45.000 45.000 49.000 45.000 49.000 49.000 49.000 50.000 50.000 44.000 42.000 42.000 40.000 39.000 39.000 36.000 80.000 80.000 83.000 80.000 80.000 79.000 87.000 83.000 79.000 79.000 84.000 46.000 52.000 52.000 52.000 46.000 45.000 46.000 52.000
VAdist IGLV1-100*01 55.000 50.000 43.000 46.000 45.000 45.000 50.000 48.000 40.000 51.000 51.000 47.000 0.000 23.000 23.000 23.000 26.000 26.000 24.000 15.000 25.000 22.000 22.000 29.000 29.000 35.000 41.000 25.000 31.000 31.000 31.000 23.000 23.000 23.000 23.000 31.000 25.000 26.000 20.000 29.000 25.000 24.000 26.000 26.000 26.000 15.000 20.000 29.000 25.000 39.000 39.000 26.000 22.000 26.000 18.000 38.000 26.000 29.000 15.000 23.000 25.000 25.000 25.000 25.000 25.000 20.000 29.000 20.000 28.000 28.000 41.000 29.000 29.000 51.000 44.000 44.000 41.000 36.000 36.000 37.000 71.000 71.000 71.000 67.000 71.000 76.000 75.000 71.000 76.000 76.000 72.000 40.000 46.000 46.000 46.000 39.000 42.000 40.000 46.000
VAdist IGLV1-103*01 58.000 44.000 43.000 36.000 45.000 45.000 62.000 48.000 51.000 52.000 50.000 43.000 23.000 0.000 0.000 0.000 23.000 23.000 27.000 12.000 31.000 34.000 34.000 28.000 32.000 43.000 35.000 22.000 39.000 39.000 39.000 0.000 0.000 0.000 0.000 39.000 22.000 29.000 38.000 28.000 22.000 27.000 23.000 23.000 23.000 12.000 38.000 28.000 22.000 42.000 42.000 29.000 34.000 17.000 24.000 42.000 23.000 28.000 12.000 0.000 27.000 24.000 24.000 24.000 24.000 23.000 28.000 23.000 27.000 27.000 39.000 28.000 28.000 51.000 50.000 50.000 46.000 42.000 42.000 41.000 76.000 76.000 76.000 72.000 76.000 83.000 80.000 76.000 83.000 83.000 76.000 35.000 39.000 39.000 39.000 34.000 35.000 35.000 39.000
VAdist IGLV1-103*02 58.000 44.000 43.000 36.000 45.000 45.000 62.000 48.000 51.000 52.000 50.000 43.000 23.000 0.000 0.000 0.000 23.000 23.000 27.000 12.000 31.000 34.000 34.000 28.000 32.000 43.000 35.000 22.000 39.000 39.000 39.000 0.000 0.000 0.000 0.000 39.000 22.000 29.000 38.000 28.000 22.000 27.000 23.000 23.000 23.000 12.000 38.000 28.000 22.000 42.000 42.000 29.000 34.000 17.000 24.000 42.000 23.000 28.000 12.000 0.000 27.000 24.000 24.000 24.000 24.000 23.000 28.000 23.000 27.000 27.000 39.000 28.000 28.000 51.000 50.000 50.000 46.000 42.000 42.000 41.000 76.000 76.000 76.000 72.000 76.000 83.000 80.000 76.000 83.000 83.000 76.000 35.000 39.000 39.000 39.000 34.000 35.000 35.000 39.000
VAdist IGLV1-105*01 58.000 44.000 43.000 36.000 45.000 45.000 62.000 48.000 51.000 52.000 50.000 43.000 23.000 0.000 0.000 0.000 23.000 23.000 27.000 12.000 31.000 34.000 34.000 28.000 32.000 43.000 35.000 22.000 39.000 39.000 39.000 0.000 0.000 0.000 0.000 39.000 22.000 29.000 38.000 28.000 22.000 27.000 23.000 23.000 23.000 12.000 38.000 28.000 22.000 42.000 42.000 29.000 34.000 17.000 24.000 42.000 23.000 28.000 12.000 0.000 27.000 24.000 24.000 24.000 24.000 23.000 28.000 23.000 27.000 27.000 39.000 28.000 28.000 51.000 50.000 50.000 46.000 42.000 42.000 41.000 76.000 76.000 76.000 72.000 76.000 83.000 80.000 76.000 83.000 83.000 76.000 35.000 39.000 39.000 39.000 34.000 35.000 35.000 39.000
VAdist IGLV1-107*01 51.000 43.000 41.000 40.000 43.000 43.000 56.000 44.000 49.000 48.000 47.000 44.000 26.000 23.000 23.000 23.000 0.000 0.000 23.000 16.000 23.000 26.000 26.000 26.000 30.000 37.000 37.000 4.000 33.000 33.000 33.000 23.000 23.000 23.000 23.000 33.000 4.000 30.000 30.000 26.000 4.000 23.000 0.000 0.000 0.000 16.000 30.000 26.000 4.000 42.000 42.000 30.000 26.000 23.000 8.000 41.000 0.000 26.000 16.000 23.000 33.000 30.000 30.000 30.000 30.000 27.000 33.000 27.000 34.000 34.000 43.000 33.000 33.000 47.000 43.000 43.000 39.000 36.000 36.000 34.000 70.000 70.000 71.000 70.000 70.000 78.000 75.000 71.000 78.000 78.000 70.000 37.000 42.000 42.000 42.000 36.000 39.000 37.000 42.000
VAdist IGLV1-107*02 51.000 43.000 41.000 40.000 43.000 43.000 56.000 44.000 49.000 48.000 47.000 44.000 26.000 23.000 23.000 23.000 0.000 0.000 23.000 16.000 23.000 26.000 26.000 26.000 30.000 37.000 37.000 4.000 33.000 33.000 33.000 23.000 23.000 23.000 23.000 33.000 4.000 30.000 30.000 26.000 4.000 23.000 0.000 0.000 0.000 16.000 30.000 26.000 4.000 42.000 42.000 30.000 26.000 23.000 8.000 41.000 0.000 26.000 16.000 23.000 33.000 30.000 30.000 30.000 30.000 27.000 33.000 27.000 34.000 34.000 43.000 33.000 33.000 47.000 43.000 43.000 39.000 36.000 36.000 34.000 70.000 70.000 71.000 70.000 70.000 78.000 75.000 71.000 78.000 78.000 70.000 37.000 42.000 42.000 42.000 36.000 39.000 37.000 42.000
VAdist IGLV1-110*01 51.000 39.000 44.000 47.000 44.000 44.000 59.000 52.000 48.000 56.000 48.000 48.000 24.000 27.000 27.000 27.000 23.000 23.000 0.000 17.000 27.000 30.000 30.000 15.000 19.000 29.000 27.000 22.000 25.000 25.000 25.000 27.000 27.000 27.000 27.000 29.000 22.000 12.000 34.000 15.000 22.000 0.000 23.000 23.000 23.000 17.000 34.000 15.000 22.000 34.000 34.000 12.000 30.000 16.000 16.000 33.000 23.000 15.000 17.000 27.000 31.000 31.000 31.000 31.000 31.000 28.000 27.000 28.000 28.000 28.000 40.000 31.000 31.000 44.000 47.000 47.000 41.000 42.000 42.000 39.000 68.000 68.000 68.000 64.000 68.000 79.000 72.000 68.000 79.000 79.000 69.000 36.000 38.000 38.000 38.000 35.000 38.000 36.000 38.000
VAdist IGLV1-117*01 55.000 43.000 44.000 43.000 46.000 46.000 55.000 45.000 45.000 49.000 51.000 47.000 15.000 12.000 12.000 12.000 16.000 16.000 17.000 0.000 26.000 29.000 29.000 22.000 26.000 35.000 33.000 15.000 31.000 31.000 31.000 12.000 12.000 12.000 12.000 31.000 15.000 23.000 33.000 22.000 15.000 17.000 16.000 16.000 16.000 0.000 33.000 22.000 15.000 38.000 38.000 23.000 29.000 19.000 16.000 37.000 16.000 22.000 0.000 12.000 21.000 18.000 18.000 18.000 18.000 15.000 22.000 15.000 23.000 23.000 36.000 22.000 22.000 48.000 47.000 47.000 43.000 39.000 39.000 38.000 72.000 72.000 72.000 68.000 72.000 79.000 76.000 72.000 79.000 79.000 72.000 29.000 35.000 35.000 35.000 28.000 31.000 29.000 35.000
VAdist IGLV1-118*01 52.000 51.000 47.000 47.000 49.000 49.000 62.000 56.000 52.000 60.000 51.000 47.000 25.000 31.000 31.000 31.000 23.000 23.000 27.000 26.000 0.000 3.000 3.000 29.000 33.000 35.000 34.000 22.000 35.000 35.000 35.000 31.000 31.000 31.000 31.000 35.000 22.000 30.000 11.000 29.000 22.000 27.000 23.000 23.000 23.000 26.000 11.000 29.000 22.000 48.000 48.000 30.000 7.000 26.000 15.000 48.000 23.000 29.000 26.000 31.000 34.000 34.000 34.000 34.000 34.000 34.000 38.000 34.000 42.000 42.000 51.000 38.000 38.000 51.000 50.000 50.000 46.000 43.000 43.000 41.000 67.000 67.000 67.000 67.000 67.000 75.000 71.000 67.000 75.000 75.000 68.000 41.000 45.000 45.000 45.000 41.000 41.000 41.000 45.000
VAdist IGLV1-118*02 52.000 50.000 46.000 46.000 48.000 48.000 61.000 55.000 51.000 59.000 50.000 46.000 22.000 34.000 34.000 34.000 26.000 26.000 30.000 29.000 3.000 0.000 0.000 32.000 36.000 38.000 37.000 25.000 38.000 38.000 38.000 34.000 34.000 34.000 34.000 38.000 25.000 33.000 8.000 32.000 25.000 30.000 26.000 26.000 26.000 29.000 8.000 32.000 25.000 45.000 45.000 33.000 4.000 29.000 18.000 45.000 26.000 32.000 29.000 34.000 37.000 37.000 37.000 37.000 37.000 37.000 41.000 37.000 45.000 45.000 54.000 41.000 41.000 50.000 50.000 50.000 46.000 40.000 40.000 44.000 70.000 70.000 70.000 70.000 70.000 76.000 74.000 70.000 76.000 76.000 71.000 44.000 48.000 48.000 48.000 44.000 44.000 44.000 48.000
VAdist IGLV1-118*03 52.000 50.000 46.000 46.000 48.000 48.000 61.000 55.000 51.000 59.000 50.000 46.000 22.000 34.000 34.000 34.000 26.000 26.000 30.000 29.000 3.000 0.000 0.000 32.000 36.000 38.000 37.000 25.000 38.000 38.000 38.000 34.000 34.000 34.000 34.000 38.000 25.000 33.000 8.000 32.000 25.000 30.000 26.000 26.000 26.000 29.000 8.000 32.000 25.000 45.000 45.000 33.000 4.000 29.000 18.000 45.000 26.000 32.000 29.000 34.000 37.000 37.000 37.000 37.000 37.000 37.000 41.000 37.000 45.000 45.000 54.000 41.000 41.000 50.000 50.000 50.000 46.000 40.000 40.000 44.000 70.000 70.000 70.000 70.000 70.000 76.000 74.000 70.000 76.000 76.000 71.000 44.000 48.000 48.000 48.000 44.000 44.000 44.000 48.000
VAdist IGLV1-120*01 54.000 47.000 46.000 47.000 46.000 46.000 62.000 54.000 52.000 58.000 50.000 46.000 29.000 28.000 28.000 28.000 26.000 26.000 15.000 22.000 29.000 32.000 32.000 0.000 4.000 30.000 24.000 25.000 26.000 26.000 26.000 28.000 28.000 28.000 28.000 30.000 25.000 19.000 36.000 0.000 25.000 15.000 26.000 26.000 26.000 22.000 36.000 0.000 25.000 33.000 33.000 19.000 32.000 19.000 22.000 29.000 26.000 0.000 22.000 28.000 27.000 27.000 27.000 27.000 27.000 30.000 23.000 30.000 30.000 30.000 43.000 27.000 27.000 47.000 50.000 50.000 46.000 44.000 44.000 42.000 72.000 72.000 72.000 68.000 72.000 74.000 76.000 72.000 74.000 74.000 72.000 43.000 39.000 39.000 39.000 42.000 39.000 43.000 39.000
VAdist IGLV1-25*01 54.000 43.000 46.000 47.000 46.000 46.000 62.000 54.000 52.000 58.000 50.000 42.000 29.000 32.000 32.000 32.000 30.000 30.000 19.000 26.000 33.000 36.000 36.000 4.000 0.000 30.000 28.000 29.000 26.000 26.000 26.000 32.000 32.000 32.000 32.000 30.000 29.000 19.000 34.000 4.000 29.000 19.000 30.000 30.000 30.000 26.000 34.000 4.000 29.000 29.000 29.000 19.000 36.000 23.000 26.000 25.000 30.000 4.000 26.000 32.000 26.000 26.000 26.000 26.000 26.000 28.000 22.000 28.000 28.000 28.000 41.000 27.000 27.000 51.000 48.000 48.000 46.000 44.000 44.000 42.000 72.000 72.000 72.000 68.000 72.000 74.000 76.000 72.000 74.000 74.000 72.000 43.000 38.000 38.000 38.000 42.000 39.000 43.000 38.000
VAdist IGLV1-29*01 51.000 50.000 42.000 42.000 44.000 44.000 61.000 55.000 51.000 59.000 40.000 48.000 35.000 43.000 43.000 43.000 37.000 37.000 29.000 35.000 35.000 38.000 38.000 30.000 30.000 0.000 10.000 36.000 4.000 4.000 4.000 43.000 43.000 43.000 43.000 8.000 36.000 27.000 38.000 30.000 36.000 29.000 37.000 37.000 37.000 35.000 38.000 30.000 36.000 50.000 50.000 27.000 38.000 35.000 34.000 49.000 37.000 30.000 35.000 43.000 35.000 38.000 38.000 38.000 38.000 35.000 34.000 35.000 35.000 35.000 31.000 34.000 32.000 47.000 47.000 47.000 43.000 38.000 38.000 31.000 65.000 65.000 68.000 61.000 65.000 63.000 72.000 68.000 63.000 63.000 72.000 40.000 47.000 47.000 47.000 40.000 43.000 40.000 47.000
VAdist IGLV1-33*01 54.000 46.000 46.000 42.000 46.000 46.000 64.000 57.000 54.000 61.000 46.000 47.000 41.000 35.000 35.000 35.000 37.000 37.000 27.000 33.000 34.000 37.000 37.000 24.000 28.000 10.000 0.000 36.000 14.000 14.000 14.000 35.000 35.000 35.000 35.000 18.000 36.000 23.000 41.000 24.000 36.000 27.000 37.000 37.000 37.000 33.000 41.000 24.000 36.000 49.000 49.000 23.000 37.000 27.000 34.000 49.000 37.000 24.000 33.000 35.000 36.000 39.000 39.000 39.000 39.000 38.000 35.000 38.000 38.000 38.000 34.000 39.000 37.000 46.000 51.000 51.000 47.000 44.000 44.000 35.000 68.000 68.000 71.000 64.000 68.000 70.000 75.000 71.000 70.000 70.000 72.000 42.000 47.000 47.000 47.000 42.000 43.000 42.000 47.000
VAdist IGLV1-35*01 51.000 43.000 41.000 40.000 43.000 43.000 56.000 44.000 48.000 48.000 47.000 44.000 25.000 22.000 22.000 22.000 4.000 4.000 22.000 15.000 22.000 25.000 25.000 25.000 29.000 36.000 36.000 0.000 32.000 32.000 32.000 22.000 22.000 22.000 22.000 32.000 0.000 29.000 29.000 25.000 0.000 22.000 4.000 4.000 4.000 15.000 29.000 25.000 0.000 38.000 38.000 29.000 25.000 22.000 7.000 37.000 4.000 25.000 15.000 22.000 32.000 29.000 29.000 29.000 29.000 26.000 32.000 26.000 33.000 33.000 43.000 32.000 32.000 47.000 43.000 43.000 39.000 36.000 36.000 34.000 71.000 71.000 71.000 71.000 71.000 78.000 75.000 71.000 78.000 78.000 71.000 36.000 41.000 41.000 41.000 35.000 38.000 36.000 41.000
VAdist IGLV1-36*01 51.000 50.000 42.000 42.000 44.000 44.000 61.000 55.000 51.000 59.000 40.000 48.000 31.000 39.000 39.000 39.000 33.000 33.000 25.000 31.000 35.000 38.000 38.000 26.000 26.000 4.000 14.000 32.000 0.000 0.000 0.000 39.000 39.000 39.000 39.000 4.000 32.000 23.000 38.000 26.000 32.000 25.000 33.000 33.000 33.000 31.000 38.000 26.000 32.000 46.000 46.000 23.000 38.000 31.000 30.000 45.000 33.000 26.000 31.000 39.000 34.000 37.000 37.000 37.000 37.000 34.000 33.000 34.000 34.000 34.000 31.000 33.000 33.000 47.000 46.000 46.000 42.000 37.000 37.000 31.000 69.000 69.000 72.000 65.000 69.000 67.000 76.000 72.000 67.000 67.000 76.000 40.000 46.000 46.000 46.000 39.000 42.000 40.000 46.000
VAdist IGLV1-36*02 51.000 50.000 42.000 42.000 44.000 44.000 61.000 55.000 51.000 59.000 40.000 48.000 31.000 39.000 39.000 39.000 33.000 33.000 25.000 31.000 35.000 38.000 38.000 26.000 26.000 4.000 14.000 32.000 0.000 0.000 0.000 39.000 39.000 39.000 39.000 4.000 32.000 23.000 38.000 26.000 32.000 25.000 33.000 33.000 33.000 31.000 38.000 26.000 32.000 46.000 46.000 23.000 38.000 31.000 30.000 45.000 33.000 26.000 31.000 39.000 34.000 37.000 37.000 37.000 37.000 34.000 33.000 34.000 34.000 34.000 31.000 33.000 33.000 47.000 46.000 46.000 42.000 37.000 37.000 31.000 69.000 69.000 72.000 65.000 69.000 67.000 76.000 72.000 67.000 67.000 76.000 40.000 46.000 46.000 46.000 39.000 42.000 40.000 46.000
VAdist IGLV1-36*03 51.000 50.000 42.000 42.000 44.000 44.000 61.000 55.000 51.000 59.000 40.000 48.000 31.000 39.000 39.000 39.000 33.000 33.000 25.000 31.000 35.000 38.000 38.000 26.000 26.000 4.000 14.000 32.000 0.000 0.000 0.000 39.000 39.000 39.000 39.000 4.000 32.000 23.000 38.000 26.000 32.000 25.000 33.000 33.000 33.000 31.000 38.000 26.000 32.000 46.000 46.000 23.000 38.000 31.000 30.000 45.000 33.000 26.000 31.000 39.000 34.000 37.000 37.000 37.000 37.000 34.000 33.000 34.000 34.000 34.000 31.000 33.000 33.000 47.000 46.000 46.000 42.000 37.000 37.000 31.000 69.000 69.000 72.000 65.000 69.000 67.000 76.000 72.000 67.000 67.000 76.000 40.000 46.000 46.000 46.000 39.000 42.000 40.000 46.000
VAdist IGLV1-40*01 58.000 44.000 43.000 36.000 45.000 45.000 62.000 48.000 51.000 52.000 50.000 43.000 23.000 0.000 0.000 0.000 23.000 23.000 27.000 12.000 31.000 34.000 34.000 28.000 32.000 43.000 35.000 22.000 39.000 39.000 39.000 0.000 0.000 0.000 0.000 39.000 22.000 29.000 38.000 28.000 22.000 27.000 23.000 23.000 23.000 12.000 38.000 28.000 22.000 42.000 42.000 29.000 34.000 17.000 24.000 42.000 23.000 28.000 12.000 0.000 27.000 24.000 24.000 24.000 24.000 23.000 28.000 23.000 27.000 27.000 39.000 28.000 28.000 51.000 50.000 50.000 46.000 42.000 42.000 41.000 76.000 76.000 76.000 72.000 76.000 83.000 80.000 76.000 83.000 83.000 76.000 35.000 39.000 39.000 39.000 34.000 35.000 35.000 39.000
VAdist IGLV1-49*01 58.000 44.000 43.000 36.000 45.000 45.000 62.000 48.000 51.000 52.000 50.000 43.000 23.000 0.000 0.000 0.000 23.000 23.000 27.000 12.000 31.000 34.000 34.000 28.000 32.000 43.000 35.000 22.000 39.000 39.000 39.000 0.000 0.000 0.000 0.000 39.000 22.000 29.000 38.000 28.000 22.000 27.000 23.000 23.000 23.000 12.000 38.000 28.000 22.000 42.000 42.000 29.000 34.000 17.000 24.000 42.000 23.000 28.000 12.000 0.000 27.000 24.000 24.000 24.000 24.000 23.000 28.000 23.000 27.000 27.000 39.000 28.000 28.000 51.000 50.000 50.000 46.000 42.000 42.000 41.000 76.000 76.000 76.000 72.000 76.000 83.000 80.000 76.000 83.000 83.000 76.000 35.000 39.000 39.000 39.000 34.000 35.000 35.000 39.000
VAdist IGLV1-49*02 58.000 44.000 43.000 36.000 45.000 45.000 62.000 48.000 51.000 52.000 50.000 43.000 23.000 0.000 0.000 0.000 23.000 23.000 27.000 12.000 31.000 34.000 34.000 28.000 32.000 43.000 35.000 22.000 39.000 39.000 39.000 0.000 0.000 0.000 0.000 39.000 22.000 29.000 38.000 28.000 22.000 27.000 23.000 23.000 23.000 12.000 38.000 28.000 22.000 42.000 42.000 29.000 34.000 17.000 24.000 42.000 23.000 28.000 12.000 0.000 27.000 24.000 24.000 24.000 24.000 23.000 28.000 23.000 27.000 27.000 39.000 28.000 28.000 51.000 50.000 50.000 46.000 42.000 42.000 41.000 76.000 76.000 76.000 72.000 76.000 83.000 80.000 76.000 83.000 83.000 76.000 35.000 39.000 39.000 39.000 34.000 35.000 35.000 39.000
VAdist IGLV1-53*01 58.000 44.000 43.000 36.000 45.000 45.000 62.000 48.000 51.000 52.000 50.000 43.000 23.000 0.000 0.000 0.000 23.000 23.000 27.000 12.000 31.000 34.000 34.000 28.000 32.000 43.000 35.000 22.000 39.000 39.000 39.000 0.000 0.000 0.000 0.000 39.000 22.000 29.000 38.000 28.000 22.000 27.000 23.000 23.000 23.000 12.000 38.000 28.000 22.000 42.000 42.000 29.000 34.000 17.000 24.000 42.000 23.000 28.000 12.000 0.000 27.000 24.000 24.000 24.000 24.000 23.000 28.000 23.000 27.000 27.000 39.000 28.000 28.000 51.000 50.000 50.000 46.000 42.000 42.000 41.000 76.000 76.000 76.000 72.000 76.000 83.000 80.000 76.000 83.000 83.000 76.000 35.000 39.000 39.000 39.000 34.000 35.000 35.000 39.000
VAdist IGLV1-57*01 51.000 50.000 42.000 42.000 44.000 44.000 61.000 55.000 51.000 59.000 39.000 48.000 31.000 39.000 39.000 39.000 33.000 33.000 29.000 31.000 35.000 38.000 38.000 30.000 30.000 8.000 18.000 32.000 4.000 4.000 4.000 39.000 39.000 39.000 39.000 0.000 32.000 27.000 38.000 30.000 32.000 29.000 33.000 33.000 33.000 31.000 38.000 30.000 32.000 46.000 46.000 27.000 38.000 31.000 30.000 45.000 33.000 30.000 31.000 39.000 34.000 37.000 37.000 37.000 37.000 34.000 37.000 34.000 38.000 38.000 35.000 33.000 33.000 46.000 46.000 46.000 42.000 37.000 37.000 31.000 69.000 69.000 71.000 65.000 69.000 67.000 75.000 71.000 67.000 67.000 75.000 40.000 46.000 46.000 46.000 39.000 42.000 40.000 46.000
VAdist IGLV1-59*01 51.000 43.000 41.000 40.000 43.000 43.000 56.000 44.000 48.000 48.000 47.000 44.000 25.000 22.000 22.000 22.000 4.000 4.000 22.000 15.000 22.000 25.000 25.000 25.000 29.000 36.000 36.000 0.000 32.000 32.000 32.000 22.000 22.000 22.000 22.000 32.000 0.000 29.000 29.000 25.000 0.000 22.000 4.000 4.000 4.000 15.000 29.000 25.000 0.000 38.000 38.000 29.000 25.000 22.000 7.000 37.000 4.000 25.000 15.000 22.000 32.000 29.000 29.000 29.000 29.000 26.000 32.000 26.000 33.000 33.000 43.000 32.000 32.000 47.000 43.000 43.000 39.000 36.000 36.000 34.000 71.000 71.000 71.000 71.000 71.000 78.000 75.000 71.000 78.000 78.000 71.000 36.000 41.000 41.000 41.000 35.000 38.000 36.000 41.000
VAdist IGLV1-64*01 54.000 40.000 43.000 40.000 43.000 43.000 61.000 55.000 51.000 59.000 51.000 44.000 26.000 29.000 29.000 29.000 30.000 30.000 12.000 23.000 30.000 33.000 33.000 19.000 19.000 27.000 23.000 29.000 23.000 23.000 23.000 29.000 29.000 29.000 29.000 27.000 29.000 0.000 33.000 19.000 29.000 12.000 30.000 30.000 30.000 23.000 33.000 19.000 29.000 34.000 34.000 0.000 33.000 20.000 22.000 34.000 30.000 19.000 23.000 29.000 31.000 31.000 31.000 31.000 31.000 30.000 27.000 30.000 30.000 30.000 43.000 31.000 31.000 51.000 50.000 50.000 46.000 45.000 45.000 38.000 64.000 64.000 67.000 60.000 64.000 75.000 71.000 67.000 75.000 75.000 69.000 36.000 40.000 40.000 40.000 35.000 36.000 36.000 40.000
VAdist IGLV1-65*01 52.000 45.000 42.000 43.000 45.000 44.000 57.000 52.000 47.000 55.000 50.000 40.000 20.000 38.000 38.000 38.000 30.000 30.000 34.000 33.000 11.000 8.000 8.000 36.000 34.000 38.000 41.000 29.000 38.000 38.000 38.000 38.000 38.000 38.000 38.000 38.000 29.000 33.000 0.000 36.000 29.000 34.000 30.000 30.000 30.000 33.000 0.000 36.000 29.000 43.000 43.000 33.000 4.000 33.000 22.000 43.000 30.000 36.000 33.000 38.000 37.000 37.000 37.000 37.000 37.000 33.000 41.000 33.000 41.000 41.000 50.000 41.000 41.000 54.000 46.000 46.000 45.000 40.000 40.000 42.000 70.000 70.000 70.000 70.000 70.000 76.000 74.000 70.000 76.000 76.000 71.000 44.000 48.000 48.000 48.000 44.000 44.000 44.000 48.000
VAdist IGLV1-67*01 54.000 47.000 46.000 47.000 46.000 46.000 62.000 54.000 52.000 58.000 50.000 46.000 29.000 28.000 28.000 28.000 26.000 26.000 15.000 22.000 29.000 32.000 32.000 0.000 4.000 30.000 24.000 25.000 26.000 26.000 26.000 28.000 28.000 28.000 28.000 30.000 25.000 19.000 36.000 0.000 25.000 15.000 26.000 26.000 26.000 22.000 36.000 0.000 25.000 33.000 33.000 19.000 32.000 19.000 22.000 29.000 26.000 0.000 22.000 28.000 27.000 27.000 27.000 27.000 27.000 30.000 23.000 30.000 30.000 30.000 43.000 27.000 27.000 47.000 50.000 50.000 46.000 44.000 44.000 42.000 72.000 72.000 72.000 68.000 72.000 74.000 76.000 72.000 74.000 74.000 72.000 43.000 39.000 39.000 39.000 42.000 39.000 43.000 39.000
VAdist IGLV1-73*01 51.000 43.000 41.000 40.000 43.000 43.000 56.000 44.000 48.000 48.000 47.000 44.000 25.000 22.000 22.000 22.000 4.000 4.000 22.000 15.000 22.000 25.000 25.000 25.000 29.000 36.000 36.000 0.000 32.000 32.000 32.000 22.000 22.000 22.000 22.000 32.000 0.000 29.000 29.000 25.000 0.000 22.000 4.000 4.000 4.000 15.000 29.000 25.000 0.000 38.000 38.000 29.000 25.000 22.000 7.000 37.000 4.000 25.000 15.000 22.000 32.000 29.000 29.000 29.000 29.000 26.000 32.000 26.000 33.000 33.000 43.000 32.000 32.000 47.000 43.000 43.000 39.000 36.000 36.000 34.000 71.000 71.000 71.000 71.000 71.000 78.000 75.000 71.000 78.000 78.000 71.000 36.000 41.000 41.000 41.000 35.000 38.000 36.000 41.000
VAdist IGLV1-76*01 51.000 39.000 44.000 47.000 44.000 44.000 59.000 52.000 48.000 56.000 48.000 48.000 24.000 27.000 27.000 27.000 23.000 23.000 0.000 17.000 27.000 30.000 30.000 15.000 19.000 29.000 27.000 22.000 25.000 25.000 25.000 27.000 27.000 27.000 27.000 29.000 22.000 12.000 34.000 15.000 22.000 0.000 23.000 23.000 23.000 17.000 34.000 15.000 22.000 34.000 34.000 12.000 30.000 16.000 16.000 33.000 23.000 15.000 17.000 27.000 31.000 31.000 31.000 31.000 31.000 28.000 27.000 28.000 28.000 28.000 40.000 31.000 31.000 44.000 47.000 47.000 41.000 42.000 42.000 39.000 68.000 68.000 68.000 64.000 68.000 79.000 72.000 68.000 79.000 79.000 69.000 36.000 38.000 38.000 38.000 35.000 38.000 36.000 38.000
VAdist IGLV1-79*01 51.000 43.000 41.000 40.000 43.000 43.000 56.000 44.000 49.000 48.000 47.000 44.000 26.000 23.000 23.000 23.000 0.000 0.000 23.000 16.000 23.000 26.000 26.000 26.000 30.000 37.000 37.000 4.000 33.000 33.000 33.000 23.000 23.000 23.000 23.000 33.000 4.000 30.000 30.000 26.000 4.000 23.000 0.000 0.000 0.000 16.000 30.000 26.000 4.000 42.000 42.000 30.000 26.000 23.000 8.000 41.000 0.000 26.000 16.000 23.000 33.000 30.000 30.000 30.000 30.000 27.000 33.000 27.000 34.000 34.000 43.000 33.000 33.000 47.000 43.000 43.000 39.000 36.000 36.000 34.000 70.000 70.000 71.000 70.000 70.000 78.000 75.000 71.000 78.000 78.000 70.000 37.000 42.000 42.000 42.000 36.000 39.000 37.000 42.000
VAdist IGLV1-79*02 51.000 43.000 41.000 40.000 43.000 43.000 56.000 44.000 49.000 48.000 47.000 44.000 26.000 23.000 23.000 23.000 0.000 0.000 23.000 16.000 23.000 26.000 26.000 26.000 30.000 37.000 37.000 4.000 33.000 33.000 33.000 23.000 23.000 23.000 23.000 33.000 4.000 30.000 30.000 26.000 4.000 23.000 0.000 0.000 0.000 16.000 30.000 26.000 4.000 42.000 42.000 30.000 26.000 23.000 8.000 41.000 0.000 26.000 16.000 23.000 33.000 30.000 30.000 30.000 30.000 27.000 33.000 27.000 34.000 34.000 43.000 33.000 33.000 47.000 43.000 43.000 39.000 36.000 36.000 34.000 70.000 70.000 71.000 70.000 70.000 78.000 75.000 71.000 78.000 78.000 70.000 37.000 42.000 42.000 42.000 36.000 39.000 37.000 42.000
VAdist IGLV1-79*03 51.000 43.000 41.000 40.000 43.000 43.000 56.000 44.000 49.000 48.000 47.000 44.000 26.000 23.000 23.000 23.000 0.000 0.000 23.000 16.000 23.000 26.000 26.000 26.000 30.000 37.000 37.000 4.000 33.000 33.000 33.000 23.000 23.000 23.000 23.000 33.000 4.000 30.000 30.000 26.000 4.000 23.000 0.000 0.000 0.000 16.000 30.000 26.000 4.000 42.000 42.000 30.000 26.000 23.000 8.000 41.000 0.000 26.000 16.000 23.000 33.000 30.000 30.000 30.000 30.000 27.000 33.000 27.000 34.000 34.000 43.000 33.000 33.000 47.000 43.000 43.000 39.000 36.000 36.000 34.000 70.000 70.000 71.000 70.000 70.000 78.000 75.000 71.000 78.000 78.000 70.000 37.000 42.000 42.000 42.000 36.000 39.000 37.000 42.000
VAdist IGLV1-82*01 55.000 43.000 44.000 43.000 46.000 46.000 55.000 45.000 45.000 49.000 51.000 47.000 15.000 12.000 12.000 12.000 16.000 16.000 17.000 0.000 26.000 29.000 29.000 22.000 26.000 35.000 33.000 15.000 31.000 31.000 31.000 12.000 12.000 12.000 12.000 31.000 15.000 23.000 33.000 22.000 15.000 17.000 16.000 16.000 16.000 0.000 33.000 22.000 15.000 38.000 38.000 23.000 29.000 19.000 16.000 37.000 16.000 22.000 0.000 12.000 21.000 18.000 18.000 18.000 18.000 15.000 22.000 15.000 23.000 23.000 36.000 22.000 22.000 48.000 47.000 47.000 43.000 39.000 39.000 38.000 72.000 72.000 72.000 68.000 72.000 79.000 76.000 72.000 79.000 79.000 72.000 29.000 35.000 35.000 35.000 28.000 31.000 29.000 35.000
VAdist IGLV1-83*01 52.000 45.000 42.000 43.000 45.000 44.000 57.000 52.000 47.000 55.000 50.000 40.000 20.000 38.000 38.000 38.000 30.000 30.000 34.000 33.000 11.000 8.000 8.000 36.000 34.000 38.000 41.000 29.000 38.000 38.000 38.000 38.000 38.000 38.000 38.000 38.000 29.000 33.000 0.000 36.000 29.000 34.000 30.000 30.000 30.000 33.000 0.000 36.000 29.000 43.000 43.000 33.000 4.000 33.000 22.000 43.000 30.000 36.000 33.000 38.000 37.000 37.000 37.000 37.000 37.000 33.000 41.000 33.000 41.000 41.000 50.000 41.000 41.000 54.000 46.000 46.000 45.000 40.000 40.000 42.000 70.000 70.000 70.000 70.000 70.000 76.000 74.000 70.000 76.000 76.000 71.000 44.000 48.000 48.000 48.000 44.000 44.000 44.000 48.000
VAdist IGLV1-85*01 54.000 47.000 46.000 47.000 46.000 46.000 62.000 54.000 52.000 58.000 50.000 46.000 29.000 28.000 28.000 28.000 26.000 26.000 15.000 22.000 29.000 32.000 32.000 0.000 4.000 30.000 24.000 25.000 26.000 26.000 26.000 28.000 28.000 28.000 28.000 30.000 25.000 19.000 36.000 0.000 25.000 15.000 26.000 26.000 26.000 22.000 36.000 0.000 25.000 33.000 33.000 19.000 32.000 19.000 22.000 29.000 26.000 0.000 22.000 28.000 27.000 27.000 27.000 27.000 27.000 30.000 23.000 30.000 30.000 30.000 43.000 27.000 27.000 47.000 50.000 50.000 46.000 44.000 44.000 42.000 72.000 72.000 72.000 68.000 72.000 74.000 76.000 72.000 74.000 74.000 72.000 43.000 39.000 39.000 39.000 42.000 39.000 43.000 39.000
VAdist IGLV1-87*01 51.000 43.000 41.000 40.000 43.000 43.000 56.000 44.000 48.000 48.000 47.000 44.000 25.000 22.000 22.000 22.000 4.000 4.000 22.000 15.000 22.000 25.000 25.000 25.000 29.000 36.000 36.000 0.000 32.000 32.000 32.000 22.000 22.000 22.000 22.000 32.000 0.000 29.000 29.000 25.000 0.000 22.000 4.000 4.000 4.000 15.000 29.000 25.000 0.000 38.000 38.000 29.000 25.000 22.000 7.000 37.000 4.000 25.000 15.000 22.000 32.000 29.000 29.000 29.000 29.000 26.000 32.000 26.000 33.000 33.000 43.000 32.000 32.000 47.000 43.000 43.000 39.000 36.000 36.000 34.000 71.000 71.000 71.000 71.000 71.000 78.000 75.000 71.000 78.000 78.000 71.000 36.000 41.000 41.000 41.000 35.000 38.000 36.000 41.000
VAdist IGLV1-91*01 59.000 42.000 51.000 51.000 51.000 51.000 64.000 63.000 62.000 61.000 55.000 47.000 39.000 42.000 42.000 42.000 42.000 42.000 34.000 38.000 48.000 45.000 45.000 33.000 29.000 50.000 49.000 38.000 46.000 46.000 46.000 42.000 42.000 42.000 42.000 46.000 38.000 34.000 43.000 33.000 38.000 34.000 42.000 42.000 42.000 38.000 43.000 33.000 38.000 0.000 0.000 34.000 45.000 34.000 41.000 4.000 42.000 33.000 38.000 42.000 44.000 44.000 44.000 44.000 44.000 43.000 44.000 43.000 43.000 43.000 53.000 43.000 43.000 47.000 49.000 49.000 51.000 47.000 47.000 50.000 79.000 79.000 79.000 75.000 79.000 84.000 83.000 79.000 84.000 84.000 79.000 50.000 46.000 46.000 46.000 49.000 49.000 50.000 46.000
VAdist IGLV1-91*02 59.000 42.000 51.000 51.000 51.000 51.000 64.000 63.000 62.000 61.000 55.000 47.000 39.000 42.000 42.000 42.000 42.000 42.000 34.000 38.000 48.000 45.000 45.000 33.000 29.000 50.000 49.000 38.000 46.000 46.000 46.000 42.000 42.000 42.000 42.000 46.000 38.000 34.000 43.000 33.000 38.000 34.000 42.000 42.000 42.000 38.000 43.000 33.000 38.000 0.000 0.000 34.000 45.000 34.000 41.000 4.000 42.000 33.000 38.000 42.000 44.000 44.000 44.000 44.000 44.000 43.000 44.000 43.000 43.000 43.000 53.000 43.000 43.000 47.000 49.000 49.000 51.000 47.000 47.000 50.000 79.000 79.000 79.000 75.000 79.000 84.000 83.000 79.000 84.000 84.000 79.000 50.000 46.000 46.000 46.000 49.000 49.000 50.000 46.000
VAdist IGLV1-94*01 54.000 40.000 43.000 40.000 43.000 43.000 61.000 55.000 51.000 59.000 51.000 44.000 26.000 29.000 29.000 29.000 30.000 30.000 12.000 23.000 30.000 33.000 33.000 19.000 19.000 27.000 23.000 29.000 23.000 23.000 23.000 29.000 29.000 29.000 29.000 27.000 29.000 0.000 33.000 19.000 29.000 12.000 30.000 30.000 30.000 23.000 33.000 19.000 29.000 34.000 34.000 0.000 33.000 20.000 22.000 34.000 30.000 19.000 23.000 29.000 31.000 31.000 31.000 31.000 31.000 30.000 27.000 30.000 30.000 30.000 43.000 31.000 31.000 51.000 50.000 50.000 46.000 45.000 45.000 38.000 64.000 64.000 67.000 60.000 64.000 75.000 71.000 67.000 75.000 75.000 69.000 36.000 40.000 40.000 40.000 35.000 36.000 36.000 40.000
VAdist IGLV1-95*01 52.000 47.000 42.000 43.000 45.000 44.000 59.000 52.000 49.000 55.000 50.000 42.000 22.000 34.000 34.000 34.000 26.000 26.000 30.000 29.000 7.000 4.000 4.000 32.000 36.000 38.000 37.000 25.000 38.000 38.000 38.000 34.000 34.000 34.000 34.000 38.000 25.000 33.000 4.000 32.000 25.000 30.000 26.000 26.000 26.000 29.000 4.000 32.000 25.000 45.000 45.000 33.000 0.000 29.000 18.000 45.000 26.000 32.000 29.000 34.000 37.000 37.000 37.000 37.000 37.000 37.000 41.000 37.000 45.000 45.000 54.000 41.000 41.000 50.000 50.000 50.000 46.000 40.000 40.000 44.000 70.000 70.000 70.000 70.000 70.000 76.000 74.000 70.000 76.000 76.000 71.000 44.000 48.000 48.000 48.000 44.000 44.000 44.000 48.000
VAdist IGLV1-98*01 54.000 40.000 39.000 36.000 41.000 41.000 58.000 48.000 48.000 52.000 47.000 40.000 26.000 17.000 17.000 17.000 23.000 23.000 16.000 19.000 26.000 29.000 29.000 19.000 23.000 35.000 27.000 22.000 31.000 31.000 31.000 17.000 17.000 17.000 17.000 31.000 22.000 20.000 33.000 19.000 22.000 16.000 23.000 23.000 23.000 19.000 33.000 19.000 22.000 34.000 34.000 20.000 29.000 0.000 19.000 34.000 23.000 19.000 19.000 17.000 27.000 27.000 27.000 27.000 27.000 26.000 31.000 26.000 34.000 34.000 47.000 31.000 31.000 47.000 46.000 46.000 40.000 42.000 42.000 38.000 72.000 72.000 72.000 68.000 72.000 79.000 76.000 72.000 79.000 79.000 72.000 40.000 44.000 44.000 44.000 39.000 40.000 40.000 44.000
VAdist IGLV1S13*01 51.000 47.000 41.000 44.000 43.000 43.000 56.000 48.000 46.000 52.000 48.000 45.000 18.000 24.000 24.000 24.000 8.000 8.000 16.000 16.000 15.000 18.000 18.000 22.000 26.000 34.000 34.000 7.000 30.000 30.000 30.000 24.000 24.000 24.000 24.000 30.000 7.000 22.000 22.000 22.000 7.000 16.000 8.000 8.000 8.000 16.000 22.000 22.000 7.000 41.000 41.000 22.000 18.000 19.000 0.000 40.000 8.000 22.000 16.000 24.000 30.000 30.000 30.000 30.000 30.000 27.000 33.000 27.000 34.000 34.000 47.000 33.000 33.000 47.000 43.000 43.000 39.000 40.000 40.000 35.000 67.000 67.000 67.000 67.000 67.000 78.000 71.000 67.000 78.000 78.000 68.000 38.000 43.000 43.000 43.000 37.000 40.000 38.000 43.000
VAdist IGLV1S14*01 58.000 42.000 50.000 51.000 50.000 50.000 63.000 62.000 61.000 60.000 54.000 46.000 38.000 42.000 42.000 42.000 41.000 41.000 33.000 37.000 48.000 45.000 45.000 29.000 25.000 49.000 49.000 37.000 45.000 45.000 45.000 42.000 42.000 42.000 42.000 45.000 37.000 34.000 43.000 29.000 37.000 33.000 41.000 41.000 41.000 37.000 43.000 29.000 37.000 4.000 4.000 34.000 45.000 34.000 40.000 0.000 41.000 29.000 37.000 42.000 40.000 40.000 40.000 40.000 40.000 42.000 40.000 42.000 42.000 42.000 52.000 39.000 39.000 46.000 48.000 48.000 50.000 46.000 46.000 49.000 79.000 79.000 79.000 75.000 79.000 84.000 83.000 79.000 84.000 84.000 79.000 49.000 42.000 42.000 42.000 48.000 45.000 49.000 42.000
VAdist IGLV1S15*01 51.000 43.000 41.000 40.000 43.000 43.000 56.000 44.000 49.000 48.000 47.000 44.000 26.000 23.000 23.000 23.000 0.000 0.000 23.000 16.000 23.000 26.000 26.000 26.000 30.000 37.000 37.000 4.000 33.000 33.000 33.000 23.000 23.000 23.000 23.000 33.000 4.000 30.000 30.000 26.000 4.000 23.000 0.000 0.000 0.000 16.000 30.000 26.000 4.000 42.000 42.000 30.000 26.000 23.000 8.000 41.000 0.000 26.000 16.000 23.000 33.000 30.000 30.000 30.000 30.000 27.000 33.000 27.000 34.000 34.000 43.000 33.000 33.000 47.000 43.000 43.000 39.000 36.000 36.000 34.000 70.000 70.000 71.000 70.000 70.000 78.000 75.000 71.000 78.000 78.000 70.000 37.000 42.000 42.000 42.000 36.000 39.000 37.000 42.000
VAdist IGLV1S2*01 54.000 47.000 46.000 47.000 46.000 46.000 62.000 54.000 52.000 58.000 50.000 46.000 29.000 28.000 28.000 28.000 26.000 26.000 15.000 22.000 29.000 32.000 32.000 0.000 4.000 30.000 24.000 25.000 26.000 26.000 26.000 28.000 28.000 28.000 28.000 30.000 25.000 19.000 36.000 0.000 25.000 15.000 26.000 26.000 26.000 22.000 36.000 0.000 25.000 33.000 33.000 19.000 32.000 19.000 22.000 29.000 26.000 0.000 22.000 28.000 27.000 27.000 27.000 27.000 27.000 30.000 23.000 30.000 30.000 30.000 43.000 27.000 27.000 47.000 50.000 50.000 46.000 44.000 44.000 42.000 72.000 72.000 72.000 68.000 72.000 74.000 76.000 72.000 74.000 74.000 72.000 43.000 39.000 39.000 39.000 42.000 39.000 43.000 39.000
VAdist IGLV1S6*01 55.000 43.000 44.000 43.000 46.000 46.000 55.000 45.000 45.000 49.000 51.000 47.000 15.000 12.000 12.000 12.000 16.000 16.000 17.000 0.000 26.000 29.000 29.000 22.000 26.000 35.000 33.000 15.000 31.000 31.000 31.000 12.000 12.000 12.000 12.000 31.000 15.000 23.000 33.000 22.000 15.000 17.000 16.000 16.000 16.000 0.000 33.000 22.000 15.000 38.000 38.000 23.000 29.000 19.000 16.000 37.000 16.000 22.000 0.000 12.000 21.000 18.000 18.000 18.000 18.000 15.000 22.000 15.000 23.000 23.000 36.000 22.000 22.000 48.000 47.000 47.000 43.000 39.000 39.000 38.000 72.000 72.000 72.000 68.000 72.000 79.000 76.000 72.000 79.000 79.000 72.000 29.000 35.000 35.000 35.000 28.000 31.000 29.000 35.000
VAdist IGLV1S7*01 58.000 44.000 43.000 36.000 45.000 45.000 62.000 48.000 51.000 52.000 50.000 43.000 23.000 0.000 0.000 0.000 23.000 23.000 27.000 12.000 31.000 34.000 34.000 28.000 32.000 43.000 35.000 22.000 39.000 39.000 39.000 0.000 0.000 0.000 0.000 39.000 22.000 29.000 38.000 28.000 22.000 27.000 23.000 23.000 23.000 12.000 38.000 28.000 22.000 42.000 42.000 29.000 34.000 17.000 24.000 42.000 23.000 28.000 12.000 0.000 27.000 24.000 24.000 24.000 24.000 23.000 28.000 23.000 27.000 27.000 39.000 28.000 28.000 51.000 50.000 50.000 46.000 42.000 42.000 41.000 76.000 76.000 76.000 72.000 76.000 83.000 80.000 76.000 83.000 83.000 76.000 35.000 39.000 39.000 39.000 34.000 35.000 35.000 39.000
VAdist IGLV2-10*01 53.000 50.000 46.000 47.000 49.000 49.000 53.000 51.000 43.000 55.000 51.000 46.000 25.000 27.000 27.000 27.000 33.000 33.000 31.000 21.000 34.000 37.000 37.000 27.000 26.000 35.000 36.000 32.000 34.000 34.000 34.000 27.000 27.000 27.000 27.000 34.000 32.000 31.000 37.000 27.000 32.000 31.000 33.000 33.000 33.000 21.000 37.000 27.000 32.000 44.000 44.000 31.000 37.000 27.000 30.000 40.000 33.000 27.000 21.000 27.000 0.000 3.000 3.000 3.000 3.000 11.000 7.000 11.000 18.000 18.000 34.000 14.000 18.000 51.000 47.000 47.000 43.000 42.000 42.000 38.000 72.000 72.000 72.000 68.000 72.000 79.000 76.000 72.000 79.000 79.000 72.000 38.000 32.000 32.000 32.000 38.000 35.000 38.000 32.000
VAdist IGLV2-11*01 54.000 47.000 46.000 44.000 49.000 49.000 54.000 48.000 44.000 52.000 54.000 45.000 25.000 24.000 24.000 24.000 30.000 30.000 31.000 18.000 34.000 37.000 37.000 27.000 26.000 38.000 39.000 29.000 37.000 37.000 37.000 24.000 24.000 24.000 24.000 37.000 29.000 31.000 37.000 27.000 29.000 31.000 30.000 30.000 30.000 18.000 37.000 27.000 29.000 44.000 44.000 31.000 37.000 27.000 30.000 40.000 30.000 27.000 18.000 24.000 3.000 0.000 0.000 0.000 0.000 8.000 4.000 8.000 15.000 15.000 31.000 11.000 15.000 52.000 47.000 47.000 43.000 39.000 39.000 41.000 72.000 72.000 72.000 68.000 72.000 79.000 76.000 72.000 79.000 79.000 72.000 35.000 29.000 29.000 29.000 35.000 32.000 35.000 29.000
VAdist IGLV2-12*01 54.000 47.000 46.000 44.000 49.000 49.000 54.000 48.000 44.000 52.000 54.000 45.000 25.000 24.000 24.000 24.000 30.000 30.000 31.000 18.000 34.000 37.000 37.000 27.000 26.000 38.000 39.000 29.000 37.000 37.000 37.000 24.000 24.000 24.000 24.000 37.000 29.000 31.000 37.000 27.000 29.000 31.000 30.000 30.000 30.000 18.000 37.000 27.000 29.000 44.000 44.000 31.000 37.000 27.000 30.000 40.000 30.000 27.000 18.000 24.000 3.000 0.000 0.000 0.000 0.000 8.000 4.000 8.000 15.000 15.000 31.000 11.000 15.000 52.000 47.000 47.000 43.000 39.000 39.000 41.000 72.000 72.000 72.000 68.000 72.000 79.000 76.000 72.000 79.000 79.000 72.000 35.000 29.000 29.000 29.000 35.000 32.000 35.000 29.000
VAdist IGLV2-13*01 54.000 47.000 46.000 44.000 49.000 49.000 54.000 48.000 44.000 52.000 54.000 45.000 25.000 24.000 24.000 24.000 30.000 30.000 31.000 18.000 34.000 37.000 37.000 27.000 26.000 38.000 39.000 29.000 37.000 37.000 37.000 24.000 24.000 24.000 24.000 37.000 29.000 31.000 37.000 27.000 29.000 31.000 30.000 30.000 30.000 18.000 37.000 27.000 29.000 44.000 44.000 31.000 37.000 27.000 30.000 40.000 30.000 27.000 18.000 24.000 3.000 0.000 0.000 0.000 0.000 8.000 4.000 8.000 15.000 15.000 31.000 11.000 15.000 52.000 47.000 47.000 43.000 39.000 39.000 41.000 72.000 72.000 72.000 68.000 72.000 79.000 76.000 72.000 79.000 79.000 72.000 35.000 29.000 29.000 29.000 35.000 32.000 35.000 29.000
VAdist IGLV2-16*01 54.000 47.000 46.000 44.000 49.000 49.000 54.000 48.000 44.000 52.000 54.000 45.000 25.000 24.000 24.000 24.000 30.000 30.000 31.000 18.000 34.000 37.000 37.000 27.000 26.000 38.000 39.000 29.000 37.000 37.000 37.000 24.000 24.000 24.000 24.000 37.000 29.000 31.000 37.000 27.000 29.000 31.000 30.000 30.000 30.000 18.000 37.000 27.000 29.000 44.000 44.000 31.000 37.000 27.000 30.000 40.000 30.000 27.000 18.000 24.000 3.000 0.000 0.000 0.000 0.000 8.000 4.000 8.000 15.000 15.000 31.000 11.000 15.000 52.000 47.000 47.000 43.000 39.000 39.000 41.000 72.000 72.000 72.000 68.000 72.000 79.000 76.000 72.000 79.000 79.000 72.000 35.000 29.000 29.000 29.000 35.000 32.000 35.000 29.000
VAdist IGLV2-17*01 51.000 45.000 44.000 43.000 46.000 46.000 49.000 45.000 39.000 49.000 51.000 45.000 20.000 23.000 23.000 23.000 27.000 27.000 28.000 15.000 34.000 37.000 37.000 30.000 28.000 35.000 38.000 26.000 34.000 34.000 34.000 23.000 23.000 23.000 23.000 34.000 26.000 30.000 33.000 30.000 26.000 28.000 27.000 27.000 27.000 15.000 33.000 30.000 26.000 43.000 43.000 30.000 37.000 26.000 27.000 42.000 27.000 30.000 15.000 23.000 11.000 8.000 8.000 8.000 8.000 0.000 12.000 0.000 9.000 9.000 25.000 15.000 19.000 48.000 40.000 40.000 39.000 36.000 36.000 36.000 72.000 72.000 72.000 68.000 72.000 79.000 76.000 72.000 79.000 79.000 72.000 33.000 37.000 37.000 37.000 33.000 36.000 33.000 37.000
VAdist IGLV2-19*01 54.000 47.000 50.000 48.000 51.000 51.000 58.000 51.000 48.000 55.000 54.000 49.000 29.000 28.000 28.000 28.000 33.000 33.000 27.000 22.000 38.000 41.000 41.000 23.000 22.000 34.000 35.000 32.000 33.000 33.000 33.000 28.000 28.000 28.000 28.000 37.000 32.000 27.000 41.000 23.000 32.000 27.000 33.000 33.000 33.000 22.000 41.000 23.000 32.000 44.000 44.000 27.000 41.000 31.000 33.000 40.000 33.000 23.000 22.000 28.000 7.000 4.000 4.000 4.000 4.000 12.000 0.000 12.000 11.000 11.000 27.000 11.000 15.000 52.000 51.000 51.000 47.000 42.000 42.000 45.000 72.000 72.000 72.000 68.000 72.000 79.000 76.000 72.000 79.000 79.000 72.000 39.000 29.000 29.000 29.000 39.000 36.000 39.000 29.000
VAdist IGLV2-20*01 51.000 45.000 44.000 43.000 46.000 46.000 49.000 45.000 39.000 49.000 51.000 45.000 20.000 23.000 23.000 23.000 27.000 27.000 28.000 15.000 34.000 37.000 37.000 30.000 28.000 35.000 38.000 26.000 34.000 34.000 34.000 23.000 23.000 23.000 23.000 34.000 26.000 30.000 33.000 30.000 26.000 28.000 27.000 27.000 27.000 15.000 33.000 30.000 26.000 43.000 43.000 30.000 37.000 26.000 27.000 42.000 27.000 30.000 15.000 23.000 11.000 8.000 8.000 8.000 8.000 0.000 12.000 0.000 9.000 9.000 25.000 15.000 19.000 48.000 40.000 40.000 39.000 36.000 36.000 36.000 72.000 72.000 72.000 68.000 72.000 79.000 76.000 72.000 79.000 79.000 72.000 33.000 37.000 37.000 37.000 33.000 36.000 33.000 37.000
VAdist IGLV2-21*01 51.000 45.000 48.000 47.000 48.000 48.000 57.000 52.000 47.000 56.000 51.000 49.000 28.000 27.000 27.000 27.000 34.000 34.000 28.000 23.000 42.000 45.000 45.000 30.000 28.000 35.000 38.000 33.000 34.000 34.000 34.000 27.000 27.000 27.000 27.000 38.000 33.000 30.000 41.000 30.000 33.000 28.000 34.000 34.000 34.000 23.000 41.000 30.000 33.000 43.000 43.000 30.000 45.000 34.000 34.000 42.000 34.000 30.000 23.000 27.000 18.000 15.000 15.000 15.000 15.000 9.000 11.000 9.000 0.000 0.000 16.000 18.000 22.000 49.000 44.000 44.000 43.000 39.000 39.000 40.000 76.000 76.000 76.000 72.000 76.000 83.000 80.000 76.000 83.000 83.000 76.000 37.000 36.000 36.000 36.000 37.000 40.000 37.000 36.000
VAdist IGLV2-21*02 51.000 45.000 48.000 47.000 48.000 48.000 57.000 52.000 47.000 56.000 51.000 49.000 28.000 27.000 27.000 27.000 34.000 34.000 28.000 23.000 42.000 45.000 45.000 30.000 28.000 35.000 38.000 33.000 34.000 34.000 34.000 27.000 27.000 27.000 27.000 38.000 33.000 30.000 41.000 30.000 33.000 28.000 34.000 34.000 34.000 23.000 41.000 30.000 33.000 43.000 43.000 30.000 45.000 34.000 34.000 42.000 34.000 30.000 23.000 27.000 18.000 15.000 15.000 15.000 15.000 9.000 11.000 9.000 0.000 0.000 16.000 18.000 22.000 49.000 44.000 44.000 43.000 39.000 39.000 40.000 76.000 76.000 76.000 72.000 76.000 83.000 80.000 76.000 83.000 83.000 76.000 37.000 36.000 36.000 36.000 37.000 40.000 37.000 36.000
VAdist IGLV2-21*03 48.000 45.000 48.000 47.000 48.000 48.000 61.000 56.000 54.000 60.000 47.000 49.000 41.000 39.000 39.000 39.000 43.000 43.000 40.000 36.000 51.000 54.000 54.000 43.000 41.000 31.000 34.000 43.000 31.000 31.000 31.000 39.000 39.000 39.000 39.000 35.000 43.000 43.000 50.000 43.000 43.000 40.000 43.000 43.000 43.000 36.000 50.000 43.000 43.000 53.000 53.000 43.000 54.000 47.000 47.000 52.000 43.000 43.000 36.000 39.000 34.000 31.000 31.000 31.000 31.000 25.000 27.000 25.000 16.000 16.000 0.000 34.000 34.000 45.000 44.000 44.000 43.000 39.000 39.000 37.000 80.000 80.000 80.000 76.000 80.000 83.000 84.000 80.000 83.000 83.000 80.000 44.000 43.000 43.000 43.000 44.000 47.000 44.000 43.000
VAdist IGLV2-22*01 56.000 48.000 49.000 44.000 51.000 51.000 61.000 51.000 51.000 55.000 50.000 50.000 29.000 28.000 28.000 28.000 33.000 33.000 31.000 22.000 38.000 41.000 41.000 27.000 27.000 34.000 39.000 32.000 33.000 33.000 33.000 28.000 28.000 28.000 28.000 33.000 32.000 31.000 41.000 27.000 32.000 31.000 33.000 33.000 33.000 22.000 41.000 27.000 32.000 43.000 43.000 31.000 41.000 31.000 33.000 39.000 33.000 27.000 22.000 28.000 14.000 11.000 11.000 11.000 11.000 15.000 11.000 15.000 18.000 18.000 34.000 0.000 4.000 52.000 51.000 51.000 47.000 42.000 42.000 45.000 69.000 69.000 69.000 63.000 69.000 75.000 73.000 69.000 75.000 75.000 72.000 40.000 29.000 29.000 29.000 40.000 37.000 40.000 29.000
VAdist IGLV2-22*02 56.000 48.000 49.000 44.000 51.000 51.000 61.000 51.000 51.000 55.000 50.000 50.000 29.000 28.000 28.000 28.000 33.000 33.000 31.000 22.000 38.000 41.000 41.000 27.000 27.000 32.000 37.000 32.000 33.000 33.000 33.000 28.000 28.000 28.000 28.000 33.000 32.000 31.000 41.000 27.000 32.000 31.000 33.000 33.000 33.000 22.000 41.000 27.000 32.000 43.000 43.000 31.000 41.000 31.000 33.000 39.000 33.000 27.000 22.000 28.000 18.000 15.000 15.000 15.000 15.000 19.000 15.000 19.000 22.000 22.000 34.000 4.000 0.000 52.000 55.000 55.000 51.000 46.000 46.000 45.000 67.000 67.000 67.000 61.000 67.000 73.000 71.000 67.000 73.000 73.000 70.000 40.000 29.000 29.000 29.000 40.000 37.000 40.000 29.000
VAdist IGLV3-2*01 48.000 42.000 40.000 43.000 40.000 44.000 61.000 60.000 60.000 58.000 35.000 44.000 51.000 51.000 51.000 51.000 47.000 47.000 44.000 48.000 51.000 50.000 50.000 47.000 51.000 47.000 46.000 47.000 47.000 47.000 47.000 51.000 51.000 51.000 51.000 46.000 47.000 51.000 54.000 47.000 47.000 44.000 47.000 47.000 47.000 48.000 54.000 47.000 47.000 47.000 47.000 51.000 50.000 47.000 47.000 46.000 47.000 47.000 48.000 51.000 51.000 52.000 52.000 52.000 52.000 48.000 52.000 48.000 49.000 49.000 45.000 52.000 52.000 0.000 36.000 36.000 36.000 35.000 35.000 34.000 83.000 83.000 80.000 80.000 83.000 84.000 84.000 80.000 84.000 84.000 80.000 56.000 55.000 55.000 55.000 55.000 58.000 56.000 55.000
VAdist IGLV3-3*01 46.000 45.000 39.000 43.000 41.000 41.000 61.000 59.000 58.000 59.000 42.000 42.000 44.000 50.000 50.000 50.000 43.000 43.000 47.000 47.000 50.000 50.000 50.000 50.000 48.000 47.000 51.000 43.000 46.000 46.000 46.000 50.000 50.000 50.000 50.000 46.000 43.000 50.000 46.000 50.000 43.000 47.000 43.000 43.000 43.000 47.000 46.000 50.000 43.000 49.000 49.000 50.000 50.000 46.000 43.000 48.000 43.000 50.000 47.000 50.000 47.000 47.000 47.000 47.000 47.000 40.000 51.000 40.000 44.000 44.000 44.000 51.000 55.000 36.000 0.000 0.000 13.000 20.000 20.000 26.000 83.000 83.000 83.000 79.000 83.000 82.000 87.000 83.000 82.000 82.000 81.000 52.000 59.000 59.000 59.000 52.000 55.000 52.000 59.000
VAdist IGLV3-3*02 46.000 45.000 39.000 43.000 41.000 41.000 61.000 59.000 58.000 59.000 42.000 42.000 44.000 50.000 50.000 50.000 43.000 43.000 47.000 47.000 50.000 50.000 50.000 50.000 48.000 47.000 51.000 43.000 46.000 46.000 46.000 50.000 50.000 50.000 50.000 46.000 43.000 50.000 46.000 50.000 43.000 47.000 43.000 43.000 43.000 47.000 46.000 50.000 43.000 49.000 49.000 50.000 50.000 46.000 43.000 48.000 43.000 50.000 47.000 50.000 47.000 47.000 47.000 47.000 47.000 40.000 51.000 40.000 44.000 44.000 44.000 51.000 55.000 36.000 0.000 0.000 13.000 20.000 20.000 26.000 83.000 83.000 83.000 79.000 83.000 82.000 87.000 83.000 82.000 82.000 81.000 52.000 59.000 59.000 59.000 52.000 55.000 52.000 59.000
VAdist IGLV3-4*01 44.000 41.000 32.000 39.000 34.000 34.000 62.000 57.000 55.000 59.000 40.000 40.000 41.000 46.000 46.000 46.000 39.000 39.000 41.000 43.000 46.000 46.000 46.000 46.000 46.000 43.000 47.000 39.000 42.000 42.000 42.000 46.000 46.000 46.000 46.000 42.000 39.000 46.000 45.000 46.000 39.000 41.000 39.000 39.000 39.000 43.000 45.000 46.000 39.000 51.000 51.000 46.000 46.000 40.000 39.000 50.000 39.000 46.000 43.000 46.000 43.000 43.000 43.000 43.000 43.000 39.000 47.000 39.000 43.000 43.000 43.000 47.000 51.000 36.000 13.000 13.000 0.000 19.000 19.000 23.000 84.000 84.000 84.000 80.000 84.000 83.000 88.000 84.000 83.000 83.000 84.000 48.000 55.000 55.000 55.000 48.000 51.000 48.000 55.000
VAdist IGLV3-7*01 42.000 38.000 36.000 35.000 37.000 38.000 63.000 49.000 56.000 53.000 36.000 39.000 36.000 42.000 42.000 42.000 36.000 36.000 42.000 39.000 43.000 40.000 40.000 44.000 44.000 38.000 44.000 36.000 37.000 37.000 37.000 42.000 42.000 42.000 42.000 37.000 36.000 45.000 40.000 44.000 36.000 42.000 36.000 36.000 36.000 39.000 40.000 44.000 36.000 47.000 47.000 45.000 40.000 42.000 40.000 46.000 36.000 44.000 39.000 42.000 42.000 39.000 39.000 39.000 39.000 36.000 42.000 36.000 39.000 39.000 39.000 42.000 46.000 35.000 20.000 20.000 19.000 0.000 0.000 26.000 83.000 83.000 83.000 79.000 83.000 80.000 87.000 83.000 80.000 80.000 80.000 44.000 50.000 50.000 50.000 44.000 47.000 44.000 50.000
VAdist IGLV3-7*02 42.000 38.000 36.000 35.000 37.000 38.000 63.000 49.000 56.000 53.000 36.000 39.000 36.000 42.000 42.000 42.000 36.000 36.000 42.000 39.000 43.000 40.000 40.000 44.000 44.000 38.000 44.000 36.000 37.000 37.000 37.000 42.000 42.000 42.000 42.000 37.000 36.000 45.000 40.000 44.000 36.000 42.000 36.000 36.000 36.000 39.000 40.000 44.000 36.000 47.000 47.000 45.000 40.000 42.000 40.000 46.000 36.000 44.000 39.000 42.000 42.000 39.000 39.000 39.000 39.000 36.000 42.000 36.000 39.000 39.000 39.000 42.000 46.000 35.000 20.000 20.000 19.000 0.000 0.000 26.000 83.000 83.000 83.000 79.000 83.000 80.000 87.000 83.000 80.000 80.000 80.000 44.000 50.000 50.000 50.000 44.000 47.000 44.000 50.000
VAdist IGLV3-8*01 43.000 42.000 32.000 34.000 34.000 34.000 57.000 56.000 50.000 59.000 36.000 36.000 37.000 41.000 41.000 41.000 34.000 34.000 39.000 38.000 41.000 44.000 44.000 42.000 42.000 31.000 35.000 34.000 31.000 31.000 31.000 41.000 41.000 41.000 41.000 31.000 34.000 38.000 42.000 42.000 34.000 39.000 34.000 34.000 34.000 38.000 42.000 42.000 34.000 50.000 50.000 38.000 44.000 38.000 35.000 49.000 34.000 42.000 38.000 41.000 38.000 41.000 41.000 41.000 41.000 36.000 45.000 36.000 40.000 40.000 37.000 45.000 45.000 34.000 26.000 26.000 23.000 26.000 26.000 0.000 75.000 75.000 78.000 71.000 75.000 78.000 82.000 78.000 78.000 78.000 79.000 38.000 49.000 49.000 49.000 38.000 41.000 38.000 49.000
VAdist IGLV5-106*01 88.000 84.000 80.000 77.000 80.000 80.000 90.000 88.000 87.000 88.000 80.000 80.000 71.000 76.000 76.000 76.000 70.000 70.000 68.000 72.000 67.000 70.000 70.000 72.000 72.000 65.000 68.000 71.000 69.000 69.000 69.000 76.000 76.000 76.000 76.000 69.000 71.000 64.000 70.000 72.000 71.000 68.000 70.000 70.000 70.000 72.000 70.000 72.000 71.000 79.000 79.000 64.000 70.000 72.000 67.000 79.000 70.000 72.000 72.000 76.000 72.000 72.000 72.000 72.000 72.000 72.000 72.000 72.000 76.000 76.000 80.000 69.000 67.000 83.000 83.000 83.000 84.000 83.000 83.000 75.000 0.000 0.000 9.000 18.000 0.000 43.000 13.000 9.000 43.000 43.000 16.000 68.000 72.000 72.000 72.000 68.000 68.000 68.000 72.000
VAdist IGLV5-113*01 88.000 84.000 80.000 77.000 80.000 80.000 90.000 88.000 87.000 88.000 80.000 80.000 71.000 76.000 76.000 76.000 70.000 70.000 68.000 72.000 67.000 70.000 70.000 72.000 72.000 65.000 68.000 71.000 69.000 69.000 69.000 76.000 76.000 76.000 76.000 69.000 71.000 64.000 70.000 72.000 71.000 68.000 70.000 70.000 70.000 72.000 70.000 72.000 71.000 79.000 79.000 64.000 70.000 72.000 67.000 79.000 70.000 72.000 72.000 76.000 72.000 72.000 72.000 72.000 72.000 72.000 72.000 72.000 76.000 76.000 80.000 69.000 67.000 83.000 83.000 83.000 84.000 83.000 83.000 75.000 0.000 0.000 9.000 18.000 0.000 43.000 13.000 9.000 43.000 43.000 16.000 68.000 72.000 72.000 72.000 68.000 68.000 68.000 72.000
VAdist IGLV5-119*01 87.000 83.000 83.000 80.000 83.000 83.000 87.000 87.000 84.000 87.000 76.000 83.000 71.000 76.000 76.000 76.000 71.000 71.000 68.000 72.000 67.000 70.000 70.000 72.000 72.000 68.000 71.000 71.000 72.000 72.000 72.000 76.000 76.000 76.000 76.000 71.000 71.000 67.000 70.000 72.000 71.000 68.000 71.000 71.000 71.000 72.000 70.000 72.000 71.000 79.000 79.000 67.000 70.000 72.000 67.000 79.000 71.000 72.000 72.000 76.000 72.000 72.000 72.000 72.000 72.000 72.000 72.000 72.000 76.000 76.000 80.000 69.000 67.000 80.000 83.000 83.000 84.000 83.000 83.000 78.000 9.000 9.000 0.000 24.000 9.000 43.000 4.000 0.000 43.000 43.000 15.000 71.000 72.000 72.000 72.000 71.000 71.000 71.000 72.000
VAdist IGLV5-121*02 87.000 84.000 80.000 77.000 80.000 80.000 90.000 88.000 87.000 88.000 81.000 80.000 67.000 72.000 72.000 72.000 70.000 70.000 64.000 68.000 67.000 70.000 70.000 68.000 68.000 61.000 64.000 71.000 65.000 65.000 65.000 72.000 72.000 72.000 72.000 65.000 71.000 60.000 70.000 68.000 71.000 64.000 70.000 70.000 70.000 68.000 70.000 68.000 71.000 75.000 75.000 60.000 70.000 68.000 67.000 75.000 70.000 68.000 68.000 72.000 68.000 68.000 68.000 68.000 68.000 68.000 68.000 68.000 72.000 72.000 76.000 63.000 61.000 80.000 79.000 79.000 80.000 79.000 79.000 71.000 18.000 18.000 24.000 0.000 18.000 45.000 28.000 24.000 45.000 45.000 23.000 68.000 70.000 70.000 70.000 68.000 68.000 68.000 70.000
VAdist IGLV5-58*01 88.000 84.000 80.000 77.000 80.000 80.000 90.000 88.000 87.000 88.000 80.000 80.000 71.000 76.000 76.000 76.000 70.000 70.000 68.000 72.000 67.000 70.000 70.000 72.000 72.000 65.000 68.000 71.000 69.000 69.000 69.000 76.000 76.000 76.000 76.000 69.000 71.000 64.000 70.000 72.000 71.000 68.000 70.000 70.000 70.000 72.000 70.000 72.000 71.000 79.000 79.000 64.000 70.000 72.000 67.000 79.000 70.000 72.000 72.000 76.000 72.000 72.000 72.000 72.000 72.000 72.000 72.000 72.000 76.000 76.000 80.000 69.000 67.000 83.000 83.000 83.000 84.000 83.000 83.000 75.000 0.000 0.000 9.000 18.000 0.000 43.000 13.000 9.000 43.000 43.000 16.000 68.000 72.000 72.000 72.000 68.000 68.000 68.000 72.000
VAdist IGLV5-61*01 87.000 83.000 77.000 75.000 79.000 79.000 86.000 87.000 86.000 87.000 79.000 79.000 76.000 83.000 83.000 83.000 78.000 78.000 79.000 79.000 75.000 76.000 76.000 74.000 74.000 63.000 70.000 78.000 67.000 67.000 67.000 83.000 83.000 83.000 83.000 67.000 78.000 75.000 76.000 74.000 78.000 79.000 78.000 78.000 78.000 79.000 76.000 74.000 78.000 84.000 84.000 75.000 76.000 79.000 78.000 84.000 78.000 74.000 79.000 83.000 79.000 79.000 79.000 79.000 79.000 79.000 79.000 79.000 83.000 83.000 83.000 75.000 73.000 84.000 82.000 82.000 83.000 80.000 80.000 78.000 43.000 43.000 43.000 45.000 43.000 0.000 47.000 43.000 0.000 0.000 46.000 75.000 79.000 79.000 79.000 75.000 75.000 75.000 79.000
VAdist IGLV5-66*01 87.000 87.000 87.000 84.000 87.000 87.000 88.000 91.000 88.000 91.000 80.000 87.000 75.000 80.000 80.000 80.000 75.000 75.000 72.000 76.000 71.000 74.000 74.000 76.000 76.000 72.000 75.000 75.000 76.000 76.000 76.000 80.000 80.000 80.000 80.000 75.000 75.000 71.000 74.000 76.000 75.000 72.000 75.000 75.000 75.000 76.000 74.000 76.000 75.000 83.000 83.000 71.000 74.000 76.000 71.000 83.000 75.000 76.000 76.000 80.000 76.000 76.000 76.000 76.000 76.000 76.000 76.000 76.000 80.000 80.000 84.000 73.000 71.000 84.000 87.000 87.000 88.000 87.000 87.000 82.000 13.000 13.000 4.000 28.000 13.000 47.000 0.000 4.000 47.000 47.000 19.000 75.000 76.000 76.000 76.000 75.000 75.000 75.000 76.000
VAdist IGLV5-84*01 87.000 83.000 83.000 80.000 83.000 83.000 87.000 87.000 84.000 87.000 76.000 83.000 71.000 76.000 76.000 76.000 71.000 71.000 68.000 72.000 67.000 70.000 70.000 72.000 72.000 68.000 71.000 71.000 72.000 72.000 72.000 76.000 76.000 76.000 76.000 71.000 71.000 67.000 70.000 72.000 71.000 68.000 71.000 71.000 71.000 72.000 70.000 72.000 71.000 79.000 79.000 67.000 70.000 72.000 67.000 79.000 71.000 72.000 72.000 76.000 72.000 72.000 72.000 72.000 72.000 72.000 72.000 72.000 76.000 76.000 80.000 69.000 67.000 80.000 83.000 83.000 84.000 83.000 83.000 78.000 9.000 9.000 0.000 24.000 9.000 43.000 4.000 0.000 43.000 43.000 15.000 71.000 72.000 72.000 72.000 71.000 71.000 71.000 72.000
VAdist IGLV5-89*01 87.000 83.000 77.000 75.000 79.000 79.000 86.000 87.000 86.000 87.000 79.000 79.000 76.000 83.000 83.000 83.000 78.000 78.000 79.000 79.000 75.000 76.000 76.000 74.000 74.000 63.000 70.000 78.000 67.000 67.000 67.000 83.000 83.000 83.000 83.000 67.000 78.000 75.000 76.000 74.000 78.000 79.000 78.000 78.000 78.000 79.000 76.000 74.000 78.000 84.000 84.000 75.000 76.000 79.000 78.000 84.000 78.000 74.000 79.000 83.000 79.000 79.000 79.000 79.000 79.000 79.000 79.000 79.000 83.000 83.000 83.000 75.000 73.000 84.000 82.000 82.000 83.000 80.000 80.000 78.000 43.000 43.000 43.000 45.000 43.000 0.000 47.000 43.000 0.000 0.000 46.000 75.000 79.000 79.000 79.000 75.000 75.000 75.000 79.000
VAdist IGLV5-89*02 87.000 83.000 77.000 75.000 79.000 79.000 86.000 87.000 86.000 87.000 79.000 79.000 76.000 83.000 83.000 83.000 78.000 78.000 79.000 79.000 75.000 76.000 76.000 74.000 74.000 63.000 70.000 78.000 67.000 67.000 67.000 83.000 83.000 83.000 83.000 67.000 78.000 75.000 76.000 74.000 78.000 79.000 78.000 78.000 78.000 79.000 76.000 74.000 78.000 84.000 84.000 75.000 76.000 79.000 78.000 84.000 78.000 74.000 79.000 83.000 79.000 79.000 79.000 79.000 79.000 79.000 79.000 79.000 83.000 83.000 83.000 75.000 73.000 84.000 82.000 82.000 83.000 80.000 80.000 78.000 43.000 43.000 43.000 45.000 43.000 0.000 47.000 43.000 0.000 0.000 46.000 75.000 79.000 79.000 79.000 75.000 75.000 75.000 79.000
VAdist IGLV5-96*01 84.000 83.000 84.000 84.000 80.000 84.000 90.000 84.000 87.000 84.000 76.000 84.000 72.000 76.000 76.000 76.000 70.000 70.000 69.000 72.000 68.000 71.000 71.000 72.000 72.000 72.000 72.000 71.000 76.000 76.000 76.000 76.000 76.000 76.000 76.000 75.000 71.000 69.000 71.000 72.000 71.000 69.000 70.000 70.000 70.000 72.000 71.000 72.000 71.000 79.000 79.000 69.000 71.000 72.000 68.000 79.000 70.000 72.000 72.000 76.000 72.000 72.000 72.000 72.000 72.000 72.000 72.000 72.000 76.000 76.000 80.000 72.000 70.000 80.000 81.000 81.000 84.000 80.000 80.000 79.000 16.000 16.000 15.000 23.000 16.000 46.000 19.000 15.000 46.000 46.000 0.000 72.000 72.000 72.000 72.000 72.000 72.000 72.000 72.000
VAdist IGLV8-108*01 55.000 47.000 44.000 43.000 46.000 45.000 62.000 52.000 51.000 57.000 51.000 46.000 40.000 35.000 35.000 35.000 37.000 37.000 36.000 29.000 41.000 44.000 44.000 43.000 43.000 40.000 42.000 36.000 40.000 40.000 40.000 35.000 35.000 35.000 35.000 40.000 36.000 36.000 44.000 43.000 36.000 36.000 37.000 37.000 37.000 29.000 44.000 43.000 36.000 50.000 50.000 36.000 44.000 40.000 38.000 49.000 37.000 43.000 29.000 35.000 38.000 35.000 35.000 35.000 35.000 33.000 39.000 33.000 37.000 37.000 44.000 40.000 40.000 56.000 52.000 52.000 48.000 44.000 44.000 38.000 68.000 68.000 71.000 68.000 68.000 75.000 75.000 71.000 75.000 75.000 72.000 0.000 18.000 18.000 18.000 4.000 7.000 0.000 18.000
VAdist IGLV8-46*01 57.000 47.000 54.000 52.000 55.000 55.000 70.000 59.000 59.000 63.000 53.000 52.000 46.000 39.000 39.000 39.000 42.000 42.000 38.000 35.000 45.000 48.000 48.000 39.000 38.000 47.000 47.000 41.000 46.000 46.000 46.000 39.000 39.000 39.000 39.000 46.000 41.000 40.000 48.000 39.000 41.000 38.000 42.000 42.000 42.000 35.000 48.000 39.000 41.000 46.000 46.000 40.000 48.000 44.000 43.000 42.000 42.000 39.000 35.000 39.000 32.000 29.000 29.000 29.000 29.000 37.000 29.000 37.000 36.000 36.000 43.000 29.000 29.000 55.000 59.000 59.000 55.000 50.000 50.000 49.000 72.000 72.000 72.000 70.000 72.000 79.000 76.000 72.000 79.000 79.000 72.000 18.000 0.000 0.000 0.000 14.000 11.000 18.000 0.000
VAdist IGLV8-46*02 57.000 47.000 54.000 52.000 55.000 55.000 70.000 59.000 59.000 63.000 53.000 52.000 46.000 39.000 39.000 39.000 42.000 42.000 38.000 35.000 45.000 48.000 48.000 39.000 38.000 47.000 47.000 41.000 46.000 46.000 46.000 39.000 39.000 39.000 39.000 46.000 41.000 40.000 48.000 39.000 41.000 38.000 42.000 42.000 42.000 35.000 48.000 39.000 41.000 46.000 46.000 40.000 48.000 44.000 43.000 42.000 42.000 39.000 35.000 39.000 32.000 29.000 29.000 29.000 29.000 37.000 29.000 37.000 36.000 36.000 43.000 29.000 29.000 55.000 59.000 59.000 55.000 50.000 50.000 49.000 72.000 72.000 72.000 70.000 72.000 79.000 76.000 72.000 79.000 79.000 72.000 18.000 0.000 0.000 0.000 14.000 11.000 18.000 0.000
VAdist IGLV8-62*01 57.000 47.000 54.000 52.000 55.000 55.000 70.000 59.000 59.000 63.000 53.000 52.000 46.000 39.000 39.000 39.000 42.000 42.000 38.000 35.000 45.000 48.000 48.000 39.000 38.000 47.000 47.000 41.000 46.000 46.000 46.000 39.000 39.000 39.000 39.000 46.000 41.000 40.000 48.000 39.000 41.000 38.000 42.000 42.000 42.000 35.000 48.000 39.000 41.000 46.000 46.000 40.000 48.000 44.000 43.000 42.000 42.000 39.000 35.000 39.000 32.000 29.000 29.000 29.000 29.000 37.000 29.000 37.000 36.000 36.000 43.000 29.000 29.000 55.000 59.000 59.000 55.000 50.000 50.000 49.000 72.000 72.000 72.000 70.000 72.000 79.000 76.000 72.000 79.000 79.000 72.000 18.000 0.000 0.000 0.000 14.000 11.000 18.000 0.000
VAdist IGLV8-74*01 54.000 47.000 44.000 43.000 46.000 45.000 62.000 52.000 51.000 57.000 50.000 46.000 39.000 34.000 34.000 34.000 36.000 36.000 35.000 28.000 41.000 44.000 44.000 42.000 42.000 40.000 42.000 35.000 39.000 39.000 39.000 34.000 34.000 34.000 34.000 39.000 35.000 35.000 44.000 42.000 35.000 35.000 36.000 36.000 36.000 28.000 44.000 42.000 35.000 49.000 49.000 35.000 44.000 39.000 37.000 48.000 36.000 42.000 28.000 34.000 38.000 35.000 35.000 35.000 35.000 33.000 39.000 33.000 37.000 37.000 44.000 40.000 40.000 55.000 52.000 52.000 48.000 44.000 44.000 38.000 68.000 68.000 71.000 68.000 68.000 75.000 75.000 71.000 75.000 75.000 72.000 4.000 14.000 14.000 14.000 0.000 3.000 4.000 14.000
VAdist IGLV8-80*01 57.000 48.000 47.000 44.000 49.000 48.000 65.000 55.000 54.000 60.000 53.000 45.000 42.000 35.000 35.000 35.000 39.000 39.000 38.000 31.000 41.000 44.000 44.000 39.000 39.000 43.000 43.000 38.000 42.000 42.000 42.000 35.000 35.000 35.000 35.000 42.000 38.000 36.000 44.000 39.000 38.000 38.000 39.000 39.000 39.000 31.000 44.000 39.000 38.000 49.000 49.000 36.000 44.000 40.000 40.000 45.000 39.000 39.000 31.000 35.000 35.000 32.000 32.000 32.000 32.000 36.000 36.000 36.000 40.000 40.000 47.000 37.000 37.000 58.000 55.000 55.000 51.000 47.000 47.000 41.000 68.000 68.000 71.000 68.000 68.000 75.000 75.000 71.000 75.000 75.000 72.000 7.000 11.000 11.000 11.000 3.000 0.000 7.000 11.000
VAdist IGLV8-80*02 55.000 47.000 44.000 43.000 46.000 45.000 62.000 52.000 51.000 57.000 51.000 46.000 40.000 35.000 35.000 35.000 37.000 37.000 36.000 29.000 41.000 44.000 44.000 43.000 43.000 40.000 42.000 36.000 40.000 40.000 40.000 35.000 35.000 35.000 35.000 40.000 36.000 36.000 44.000 43.000 36.000 36.000 37.000 37.000 37.000 29.000 44.000 43.000 36.000 50.000 50.000 36.000 44.000 40.000 38.000 49.000 37.000 43.000 29.000 35.000 38.000 35.000 35.000 35.000 35.000 33.000 39.000 33.000 37.000 37.000 44.000 40.000 40.000 56.000 52.000 52.000 48.000 44.000 44.000 38.000 68.000 68.000 71.000 68.000 68.000 75.000 75.000 71.000 75.000 75.000 72.000 0.000 18.000 18.000 18.000 4.000 7.000 0.000 18.000
VAdist IGLV8-92*01 57.000 47.000 54.000 52.000 55.000 55.000 70.000 59.000 59.000 63.000 53.000 52.000 46.000 39.000 39.000 39.000 42.000 42.000 38.000 35.000 45.000 48.000 48.000 39.000 38.000 47.000 47.000 41.000 46.000 46.000 46.000 39.000 39.000 39.000 39.000 46.000 41.000 40.000 48.000 39.000 41.000 38.000 42.000 42.000 42.000 35.000 48.000 39.000 41.000 46.000 46.000 40.000 48.000 44.000 43.000 42.000 42.000 39.000 35.000 39.000 32.000 29.000 29.000 29.000 29.000 37.000 29.000 37.000 36.000 36.000 43.000 29.000 29.000 55.000 59.000 59.000 55.000 50.000 50.000 49.000 72.000 72.000 72.000 70.000 72.000 79.000 76.000 72.000 79.000 79.000 72.000 18.000 0.000 0.000 0.000 14.000 11.000 18.000 0.000
num_VB_genes 0
