AAdist A 0.000 4.000 4.000 4.000 4.000 4.000 4.000 4.000 4.000 4.000 4.000 4.000 4.000 4.000 4.000 3.000 4.000 4.000 4.000 4.000
AAdist C 4.000 0.000 4.000 4.000 4.000 4.000 4.000 4.000 4.000 4.000 4.000 4.000 4.000 4.000 4.000 4.000 4.000 4.000 4.000 4.000
AAdist D 4.000 4.000 0.000 2.000 4.000 4.000 4.000 4.000 4.000 4.000 4.000 3.000 4.000 4.000 4.000 4.000 4.000 4.000 4.000 4.000
AAdist E 4.000 4.000 2.000 0.000 4.000 4.000 4.000 4.000 3.000 4.000 4.000 4.000 4.000 2.000 4.000 4.000 4.000 4.000 4.000 4.000
AAdist F 4.000 4.000 4.000 4.000 0.000 4.000 4.000 4.000 4.000 4.000 4.000 4.000 4.000 4.000 4.000 4.000 4.000 4.000 3.000 1.000
AAdist G 4.000 4.000 4.000 4.000 4.000 0.000 4.000 4.000 4.000 4.000 4.000 4.000 4.000 4.000 4.000 4.000 4.000 4.000 4.000 4.000
AAdist H 4.000 4.000 4.000 4.000 4.000 4.000 0.000 4.000 4.000 4.000 4.000 3.000 4.000 4.000 4.000 4.000 4.000 4.000 4.000 2.000
AAdist I 4.000 4.000 4.000 4.000 4.000 4.000 4.000 0.000 4.000 2.000 3.000 4.000 4.000 4.000 4.000 4.000 4.000 1.000 4.000 4.000
AAdist K 4.000 4.000 4.000 3.000 4.000 4.000 4.000 4.000 0.000 4.000 4.000 4.000 4.000 3.000 2.000 4.000 4.000 4.000 4.000 4.000
AAdist L 4.000 4.000 4.000 4.000 4.000 4.000 4.000 2.000 4.000 0.000 2.000 4.000 4.000 4.000 4.000 4.000 4.000 3.000 4.000 4.000
AAdist M 4.000 4.000 4.000 4.000 4.000 4.000 4.000 3.000 4.000 2.000 0.000 4.000 4.000 4.000 4.000 4.000 4.000 3.000 4.000 4.000
AAdist N 4.000 4.000 3.000 4.000 4.000 4.000 3.000 4.000 4.000 4.000 4.000 0.000 4.000 4.000 4.000 3.000 4.000 4.000 4.000 4.000
AAdist P 4.000 4.000 4.000 4.000 4.000 4.000 4.000 4.000 4.000 4.000 4.000 4.000 0.000 4.000 4.000 4.000 4.000 4.000 4.000 4.000
AAdist Q 4.000 4.000 4.000 2.000 4.000 4.000 4.000 4.000 3.000 4.000 4.000 4.000 4.000 0.000 3.000 4.000 4.000 4.000 4.000 4.000
AAdist R 4.000 4.000 4.000 4.000 4.000 4.000 4.000 4.000 2.000 4.000 4.000 4.000 4.000 3.000 0.000 4.000 4.000 4.000 4.000 4.000
AAdist S 3.000 4.000 4.000 4.000 4.000 4.000 4.000 4.000 4.000 4.000 4.000 3.000 4.000 4.000 4.000 0.000 3.000 4.000 4.000 4.000
AAdist T 4.000 4.000 4.000 4.000 4.000 4.000 4.000 4.000 4.000 4.000 4.000 4.000 4.000 4.000 4.000 3.000 0.000 4.000 4.000 4.000
AAdist V 4.000 4.000 4.000 4.000 4.000 4.000 4.000 1.000 4.000 3.000 3.000 4.000 4.000 4.000 4.000 4.000 4.000 0.000 4.000 4.000
AAdist W 4.000 4.000 4.000 4.000 3.000 4.000 4.000 4.000 4.000 4.000 4.000 4.000 4.000 4.000 4.000 4.000 4.000 4.000 0.000 2.000
AAdist Y 4.000 4.000 4.000 4.000 1.000 4.000 2.000 4.000 4.000 4.000 4.000 4.000 4.000 4.000 4.000 4.000 4.000 4.000 2.000 0.000
num_VA_genes 0
num_VB_genes 43
VBdist TRBV10S1*01 0.000 61.000 64.000 66.000 64.000 49.000 55.000 53.000 55.000 55.000 52.000 49.000 52.000 52.000 52.000 58.000 58.000 58.000 59.000 59.000 45.000 49.000 55.000 59.000 55.000 55.000 55.000 47.000 55.000 51.000 46.000 37.000 23.000 53.000 76.000 60.000 60.000 60.000 60.000 61.000 61.000 62.000 54.000
VBdist TRBV1S1*01 61.000 0.000 13.000 11.000 8.000 65.000 68.000 65.000 69.000 69.000 66.000 62.000 65.000 65.000 65.000 67.000 67.000 67.000 68.000 68.000 62.000 65.000 67.000 70.000 69.000 68.000 68.000 62.000 69.000 65.000 61.000 59.000 65.000 68.000 76.000 60.000 60.000 62.000 61.000 75.000 75.000 76.000 63.000
VBdist TRBV1S2*01 64.000 13.000 0.000 6.000 9.000 69.000 64.000 69.000 69.000 69.000 66.000 66.000 69.000 69.000 69.000 69.000 69.000 69.000 68.000 68.000 66.000 69.000 67.000 66.000 65.000 64.000 64.000 65.000 65.000 69.000 64.000 62.000 68.000 70.000 77.000 61.000 61.000 63.000 62.000 75.000 75.000 76.000 62.000
VBdist TRBV1S3*01 66.000 11.000 6.000 0.000 11.000 71.000 66.000 71.000 71.000 71.000 68.000 68.000 71.000 71.000 71.000 71.000 71.000 71.000 70.000 70.000 68.000 71.000 69.000 68.000 67.000 66.000 66.000 67.000 67.000 71.000 66.000 64.000 70.000 72.000 73.000 63.000 63.000 65.000 64.000 75.000 75.000 76.000 64.000
VBdist TRBV1S4*01 64.000 8.000 9.000 11.000 0.000 69.000 64.000 69.000 69.000 69.000 66.000 66.000 69.000 69.000 69.000 69.000 69.000 69.000 68.000 68.000 66.000 69.000 67.000 66.000 65.000 64.000 64.000 65.000 65.000 69.000 64.000 62.000 68.000 70.000 80.000 60.000 60.000 62.000 61.000 75.000 75.000 76.000 62.000
VBdist TRBV2S1*01 49.000 65.000 69.000 71.000 69.000 0.000 16.000 4.000 20.000 20.000 20.000 3.000 3.000 3.000 3.000 13.000 13.000 13.000 17.000 17.000 8.000 9.000 18.000 19.000 20.000 16.000 16.000 8.000 20.000 11.000 53.000 49.000 56.000 65.000 64.000 58.000 58.000 60.000 56.000 60.000 60.000 60.000 48.000
VBdist TRBV2S10*01 55.000 68.000 64.000 66.000 64.000 16.000 0.000 14.000 12.000 12.000 15.000 19.000 19.000 19.000 19.000 15.000 15.000 15.000 17.000 17.000 19.000 17.000 14.000 11.000 4.000 3.000 4.000 19.000 4.000 23.000 60.000 55.000 63.000 71.000 64.000 56.000 56.000 58.000 54.000 60.000 60.000 60.000 43.000
VBdist TRBV2S11*01 53.000 65.000 69.000 71.000 69.000 4.000 14.000 0.000 18.000 18.000 18.000 7.000 7.000 7.000 7.000 11.000 11.000 11.000 15.000 15.000 12.000 13.000 16.000 17.000 18.000 14.000 14.000 12.000 18.000 15.000 57.000 53.000 60.000 69.000 64.000 58.000 58.000 60.000 56.000 60.000 60.000 60.000 46.000
VBdist TRBV2S12*01 55.000 69.000 69.000 71.000 69.000 20.000 12.000 18.000 0.000 0.000 3.000 20.000 23.000 23.000 23.000 15.000 15.000 15.000 20.000 20.000 15.000 13.000 17.000 18.000 8.000 12.000 16.000 20.000 8.000 19.000 59.000 55.000 63.000 67.000 62.000 56.000 56.000 58.000 54.000 56.000 56.000 56.000 45.000
VBdist TRBV2S13*01 55.000 69.000 69.000 71.000 69.000 20.000 12.000 18.000 0.000 0.000 3.000 20.000 23.000 23.000 23.000 15.000 15.000 15.000 20.000 20.000 15.000 13.000 17.000 18.000 8.000 12.000 16.000 20.000 8.000 19.000 59.000 55.000 63.000 67.000 62.000 56.000 56.000 58.000 54.000 56.000 56.000 56.000 45.000
VBdist TRBV2S14*01 52.000 66.000 66.000 68.000 66.000 20.000 15.000 18.000 3.000 3.000 0.000 20.000 23.000 23.000 23.000 15.000 15.000 15.000 20.000 20.000 12.000 16.000 16.000 18.000 11.000 15.000 15.000 19.000 11.000 18.000 58.000 52.000 63.000 67.000 62.000 53.000 53.000 55.000 51.000 55.000 55.000 56.000 44.000
VBdist TRBV2S15*01 49.000 62.000 66.000 68.000 66.000 3.000 19.000 7.000 20.000 20.000 20.000 0.000 6.000 6.000 6.000 16.000 16.000 16.000 20.000 20.000 8.000 9.000 21.000 19.000 20.000 19.000 19.000 5.000 20.000 11.000 53.000 49.000 56.000 65.000 64.000 58.000 58.000 60.000 56.000 60.000 60.000 60.000 45.000
VBdist TRBV2S16*01 52.000 65.000 69.000 71.000 69.000 3.000 19.000 7.000 23.000 23.000 23.000 6.000 0.000 0.000 0.000 10.000 10.000 10.000 14.000 14.000 11.000 12.000 21.000 16.000 23.000 19.000 19.000 11.000 23.000 8.000 56.000 46.000 53.000 65.000 64.000 58.000 58.000 60.000 56.000 60.000 60.000 60.000 45.000
VBdist TRBV2S17*01 52.000 65.000 69.000 71.000 69.000 3.000 19.000 7.000 23.000 23.000 23.000 6.000 0.000 0.000 0.000 10.000 10.000 10.000 14.000 14.000 11.000 12.000 21.000 16.000 23.000 19.000 19.000 11.000 23.000 8.000 56.000 46.000 53.000 65.000 64.000 58.000 58.000 60.000 56.000 60.000 60.000 60.000 45.000
VBdist TRBV2S18*01 52.000 65.000 69.000 71.000 69.000 3.000 19.000 7.000 23.000 23.000 23.000 6.000 0.000 0.000 0.000 10.000 10.000 10.000 14.000 14.000 11.000 12.000 21.000 16.000 23.000 19.000 19.000 11.000 23.000 8.000 56.000 46.000 53.000 65.000 64.000 58.000 58.000 60.000 56.000 60.000 60.000 60.000 45.000
VBdist TRBV2S19*01 58.000 67.000 69.000 71.000 69.000 13.000 15.000 11.000 15.000 15.000 15.000 16.000 10.000 10.000 10.000 0.000 0.000 0.000 9.000 9.000 21.000 22.000 16.000 12.000 19.000 15.000 15.000 21.000 19.000 18.000 62.000 52.000 59.000 67.000 64.000 57.000 57.000 59.000 55.000 60.000 60.000 60.000 41.000
VBdist TRBV2S20*01 58.000 67.000 69.000 71.000 69.000 13.000 15.000 11.000 15.000 15.000 15.000 16.000 10.000 10.000 10.000 0.000 0.000 0.000 9.000 9.000 21.000 22.000 16.000 12.000 19.000 15.000 15.000 21.000 19.000 18.000 62.000 52.000 59.000 67.000 64.000 57.000 57.000 59.000 55.000 60.000 60.000 60.000 41.000
VBdist TRBV2S21*01 58.000 67.000 69.000 71.000 69.000 13.000 15.000 11.000 15.000 15.000 15.000 16.000 10.000 10.000 10.000 0.000 0.000 0.000 9.000 9.000 21.000 22.000 16.000 12.000 19.000 15.000 15.000 21.000 19.000 18.000 62.000 52.000 59.000 67.000 64.000 57.000 57.000 59.000 55.000 60.000 60.000 60.000 41.000
VBdist TRBV2S23*01 59.000 68.000 68.000 70.000 68.000 17.000 17.000 15.000 20.000 20.000 20.000 20.000 14.000 14.000 14.000 9.000 9.000 9.000 0.000 0.000 25.000 26.000 7.000 14.000 21.000 17.000 17.000 24.000 21.000 22.000 63.000 53.000 60.000 71.000 64.000 55.000 55.000 59.000 57.000 60.000 60.000 60.000 38.000
VBdist TRBV2S24*01 59.000 68.000 68.000 70.000 68.000 17.000 17.000 15.000 20.000 20.000 20.000 20.000 14.000 14.000 14.000 9.000 9.000 9.000 0.000 0.000 25.000 26.000 7.000 14.000 21.000 17.000 17.000 24.000 21.000 22.000 63.000 53.000 60.000 71.000 64.000 55.000 55.000 59.000 57.000 60.000 60.000 60.000 38.000
VBdist TRBV2S25*01 45.000 62.000 66.000 68.000 66.000 8.000 19.000 12.000 15.000 15.000 12.000 8.000 11.000 11.000 11.000 21.000 21.000 21.000 25.000 25.000 0.000 4.000 21.000 22.000 15.000 19.000 19.000 8.000 15.000 6.000 51.000 45.000 56.000 61.000 64.000 54.000 54.000 56.000 52.000 55.000 55.000 56.000 48.000
VBdist TRBV2S26*01 49.000 65.000 69.000 71.000 69.000 9.000 17.000 13.000 13.000 13.000 16.000 9.000 12.000 12.000 12.000 22.000 22.000 22.000 26.000 26.000 4.000 0.000 23.000 23.000 13.000 17.000 21.000 10.000 13.000 8.000 52.000 47.000 57.000 61.000 64.000 57.000 57.000 59.000 55.000 56.000 56.000 56.000 49.000
VBdist TRBV2S27*01 55.000 67.000 67.000 69.000 67.000 18.000 14.000 16.000 17.000 17.000 16.000 21.000 21.000 21.000 21.000 16.000 16.000 16.000 7.000 7.000 21.000 23.000 0.000 21.000 18.000 14.000 10.000 17.000 18.000 21.000 56.000 55.000 63.000 70.000 64.000 54.000 54.000 58.000 56.000 56.000 56.000 59.000 37.000
VBdist TRBV2S3*01 59.000 70.000 66.000 68.000 66.000 19.000 11.000 17.000 18.000 18.000 18.000 19.000 16.000 16.000 16.000 12.000 12.000 12.000 14.000 14.000 22.000 23.000 21.000 0.000 10.000 14.000 11.000 23.000 10.000 19.000 61.000 53.000 60.000 70.000 64.000 57.000 57.000 59.000 55.000 59.000 59.000 59.000 41.000
VBdist TRBV2S4*01 55.000 69.000 65.000 67.000 65.000 20.000 4.000 18.000 8.000 8.000 11.000 20.000 23.000 23.000 23.000 19.000 19.000 19.000 21.000 21.000 15.000 13.000 18.000 10.000 0.000 7.000 8.000 20.000 0.000 19.000 59.000 55.000 63.000 67.000 64.000 56.000 56.000 58.000 54.000 56.000 56.000 56.000 44.000
VBdist TRBV2S5*01 55.000 68.000 64.000 66.000 64.000 16.000 3.000 14.000 12.000 12.000 15.000 19.000 19.000 19.000 19.000 15.000 15.000 15.000 17.000 17.000 19.000 17.000 14.000 14.000 7.000 0.000 7.000 19.000 7.000 23.000 60.000 55.000 63.000 71.000 64.000 56.000 56.000 58.000 54.000 60.000 60.000 60.000 43.000
VBdist TRBV2S6*01 55.000 68.000 64.000 66.000 64.000 16.000 4.000 14.000 16.000 16.000 15.000 19.000 19.000 19.000 19.000 15.000 15.000 15.000 17.000 17.000 19.000 21.000 10.000 11.000 8.000 7.000 0.000 15.000 8.000 19.000 56.000 55.000 63.000 70.000 64.000 56.000 56.000 58.000 54.000 56.000 56.000 59.000 39.000
VBdist TRBV2S7*01 47.000 62.000 65.000 67.000 65.000 8.000 19.000 12.000 20.000 20.000 19.000 5.000 11.000 11.000 11.000 21.000 21.000 21.000 24.000 24.000 8.000 10.000 17.000 23.000 20.000 19.000 15.000 0.000 20.000 8.000 48.000 47.000 55.000 65.000 64.000 57.000 57.000 59.000 55.000 56.000 56.000 59.000 41.000
VBdist TRBV2S8*01 55.000 69.000 65.000 67.000 65.000 20.000 4.000 18.000 8.000 8.000 11.000 20.000 23.000 23.000 23.000 19.000 19.000 19.000 21.000 21.000 15.000 13.000 18.000 10.000 0.000 7.000 8.000 20.000 0.000 19.000 59.000 55.000 63.000 67.000 64.000 56.000 56.000 58.000 54.000 56.000 56.000 56.000 44.000
VBdist TRBV2S9*01 51.000 65.000 69.000 71.000 69.000 11.000 23.000 15.000 19.000 19.000 18.000 11.000 8.000 8.000 8.000 18.000 18.000 18.000 22.000 22.000 6.000 8.000 21.000 19.000 19.000 23.000 19.000 8.000 19.000 0.000 51.000 45.000 53.000 60.000 64.000 57.000 57.000 59.000 55.000 52.000 52.000 55.000 42.000
VBdist TRBV3S1*01 46.000 61.000 64.000 66.000 64.000 53.000 60.000 57.000 59.000 59.000 58.000 53.000 56.000 56.000 56.000 62.000 62.000 62.000 63.000 63.000 51.000 52.000 56.000 61.000 59.000 60.000 56.000 48.000 59.000 51.000 0.000 26.000 44.000 57.000 84.000 63.000 63.000 63.000 63.000 54.000 54.000 57.000 59.000
VBdist TRBV3S2*01 37.000 59.000 62.000 64.000 62.000 49.000 55.000 53.000 55.000 55.000 52.000 49.000 46.000 46.000 46.000 52.000 52.000 52.000 53.000 53.000 45.000 47.000 55.000 53.000 55.000 55.000 55.000 47.000 55.000 45.000 26.000 0.000 41.000 61.000 84.000 59.000 59.000 59.000 59.000 58.000 58.000 59.000 63.000
VBdist TRBV4S1*01 23.000 65.000 68.000 70.000 68.000 56.000 63.000 60.000 63.000 63.000 63.000 56.000 53.000 53.000 53.000 59.000 59.000 59.000 60.000 60.000 56.000 57.000 63.000 60.000 63.000 63.000 63.000 55.000 63.000 53.000 44.000 41.000 0.000 56.000 72.000 68.000 68.000 68.000 68.000 64.000 64.000 64.000 53.000
VBdist TRBV5S1*01 53.000 68.000 70.000 72.000 70.000 65.000 71.000 69.000 67.000 67.000 67.000 65.000 65.000 65.000 65.000 67.000 67.000 67.000 71.000 71.000 61.000 61.000 70.000 70.000 67.000 71.000 70.000 65.000 67.000 60.000 57.000 61.000 56.000 0.000 88.000 75.000 75.000 75.000 75.000 70.000 70.000 67.000 75.000
VBdist TRBV6S1*01 76.000 76.000 77.000 73.000 80.000 64.000 64.000 64.000 62.000 62.000 62.000 64.000 64.000 64.000 64.000 64.000 64.000 64.000 64.000 64.000 64.000 64.000 64.000 64.000 64.000 64.000 64.000 64.000 64.000 64.000 84.000 84.000 72.000 88.000 0.000 72.000 72.000 71.000 72.000 74.000 74.000 74.000 63.000
VBdist TRBV7S1*01 60.000 60.000 61.000 63.000 60.000 58.000 56.000 58.000 56.000 56.000 53.000 58.000 58.000 58.000 58.000 57.000 57.000 57.000 55.000 55.000 54.000 57.000 54.000 57.000 56.000 56.000 56.000 57.000 56.000 57.000 63.000 59.000 68.000 75.000 72.000 0.000 0.000 4.000 2.000 53.000 53.000 54.000 53.000
VBdist TRBV7S2*01 60.000 60.000 61.000 63.000 60.000 58.000 56.000 58.000 56.000 56.000 53.000 58.000 58.000 58.000 58.000 57.000 57.000 57.000 55.000 55.000 54.000 57.000 54.000 57.000 56.000 56.000 56.000 57.000 56.000 57.000 63.000 59.000 68.000 75.000 72.000 0.000 0.000 4.000 2.000 53.000 53.000 54.000 53.000
VBdist TRBV7S3*01 60.000 62.000 63.000 65.000 62.000 60.000 58.000 60.000 58.000 58.000 55.000 60.000 60.000 60.000 60.000 59.000 59.000 59.000 59.000 59.000 56.000 59.000 58.000 59.000 58.000 58.000 58.000 59.000 58.000 59.000 63.000 59.000 68.000 75.000 71.000 4.000 4.000 0.000 4.000 53.000 53.000 54.000 57.000
VBdist TRBV7S4*01 60.000 61.000 62.000 64.000 61.000 56.000 54.000 56.000 54.000 54.000 51.000 56.000 56.000 56.000 56.000 55.000 55.000 55.000 57.000 57.000 52.000 55.000 56.000 55.000 54.000 54.000 54.000 55.000 54.000 55.000 63.000 59.000 68.000 75.000 72.000 2.000 2.000 4.000 0.000 53.000 53.000 54.000 55.000
VBdist TRBV8S1*01 61.000 75.000 75.000 75.000 75.000 60.000 60.000 60.000 56.000 56.000 55.000 60.000 60.000 60.000 60.000 60.000 60.000 60.000 60.000 60.000 55.000 56.000 56.000 59.000 56.000 60.000 56.000 56.000 56.000 52.000 54.000 58.000 64.000 70.000 74.000 53.000 53.000 53.000 53.000 0.000 0.000 3.000 55.000
VBdist TRBV8S2*01 61.000 75.000 75.000 75.000 75.000 60.000 60.000 60.000 56.000 56.000 55.000 60.000 60.000 60.000 60.000 60.000 60.000 60.000 60.000 60.000 55.000 56.000 56.000 59.000 56.000 60.000 56.000 56.000 56.000 52.000 54.000 58.000 64.000 70.000 74.000 53.000 53.000 53.000 53.000 0.000 0.000 3.000 55.000
VBdist TRBV8S3*01 62.000 76.000 76.000 76.000 76.000 60.000 60.000 60.000 56.000 56.000 56.000 60.000 60.000 60.000 60.000 60.000 60.000 60.000 60.000 60.000 56.000 56.000 59.000 59.000 56.000 60.000 59.000 59.000 56.000 55.000 57.000 59.000 64.000 67.000 74.000 54.000 54.000 54.000 54.000 3.000 3.000 0.000 58.000
VBdist TRBV9S1*01 54.000 63.000 62.000 64.000 62.000 48.000 43.000 46.000 45.000 45.000 44.000 45.000 45.000 45.000 45.000 41.000 41.000 41.000 38.000 38.000 48.000 49.000 37.000 41.000 44.000 43.000 39.000 41.000 44.000 42.000 59.000 63.000 53.000 75.000 63.000 53.000 53.000 57.000 55.000 55.000 55.000 58.000 0.000
