AAdist A 0.000 4.000 4.000 4.000 4.000 4.000 4.000 4.000 4.000 4.000 4.000 4.000 4.000 4.000 4.000 3.000 4.000 4.000 4.000 4.000
AAdist C 4.000 0.000 4.000 4.000 4.000 4.000 4.000 4.000 4.000 4.000 4.000 4.000 4.000 4.000 4.000 4.000 4.000 4.000 4.000 4.000
AAdist D 4.000 4.000 0.000 2.000 4.000 4.000 4.000 4.000 4.000 4.000 4.000 3.000 4.000 4.000 4.000 4.000 4.000 4.000 4.000 4.000
AAdist E 4.000 4.000 2.000 0.000 4.000 4.000 4.000 4.000 3.000 4.000 4.000 4.000 4.000 2.000 4.000 4.000 4.000 4.000 4.000 4.000
AAdist F 4.000 4.000 4.000 4.000 0.000 4.000 4.000 4.000 4.000 4.000 4.000 4.000 4.000 4.000 4.000 4.000 4.000 4.000 3.000 1.000
AAdist G 4.000 4.000 4.000 4.000 4.000 0.000 4.000 4.000 4.000 4.000 4.000 4.000 4.000 4.000 4.000 4.000 4.000 4.000 4.000 4.000
AAdist H 4.000 4.000 4.000 4.000 4.000 4.000 0.000 4.000 4.000 4.000 4.000 3.000 4.000 4.000 4.000 4.000 4.000 4.000 4.000 2.000
AAdist I 4.000 4.000 4.000 4.000 4.000 4.000 4.000 0.000 4.000 2.000 3.000 4.000 4.000 4.000 4.000 4.000 4.000 1.000 4.000 4.000
AAdist K 4.000 4.000 4.000 3.000 4.000 4.000 4.000 4.000 0.000 4.000 4.000 4.000 4.000 3.000 2.000 4.000 4.000 4.000 4.000 4.000
AAdist L 4.000 4.000 4.000 4.000 4.000 4.000 4.000 2.000 4.000 0.000 2.000 4.000 4.000 4.000 4.000 4.000 4.000 3.000 4.000 4.000
AAdist M 4.000 4.000 4.000 4.000 4.000 4.000 4.000 3.000 4.000 2.000 0.000 4.000 4.000 4.000 4.000 4.000 4.000 3.000 4.000 4.000
AAdist N 4.000 4.000 3.000 4.000 4.000 4.000 3.000 4.000 4.000 4.000 4.000 0.000 4.000 4.000 4.000 3.000 4.000 4.000 4.000 4.000
AAdist P 4.000 4.000 4.000 4.000 4.000 4.000 4.000 4.000 4.000 4.000 4.000 4.000 0.000 4.000 4.000 4.000 4.000 4.000 4.000 4.000
AAdist Q 4.000 4.000 4.000 2.000 4.000 4.000 4.000 4.000 3.000 4.000 4.000 4.000 4.000 0.000 3.000 4.000 4.000 4.000 4.000 4.000
AAdist R 4.000 4.000 4.000 4.000 4.000 4.000 4.000 4.000 2.000 4.000 4.000 4.000 4.000 3.000 0.000 4.000 4.000 4.000 4.000 4.000
AAdist S 3.000 4.000 4.000 4.000 4.000 4.000 4.000 4.000 4.000 4.000 4.000 3.000 4.000 4.000 4.000 0.000 3.000 4.000 4.000 4.000
AAdist T 4.000 4.000 4.000 4.000 4.000 4.000 4.000 4.000 4.000 4.000 4.000 4.000 4.000 4.000 4.000 3.000 0.000 4.000 4.000 4.000
AAdist V 4.000 4.000 4.000 4.000 4.000 4.000 4.000 1.000 4.000 3.000 3.000 4.000 4.000 4.000 4.000 4.000 4.000 0.000 4.000 4.000
AAdist W 4.000 4.000 4.000 4.000 3.000 4.000 4.000 4.000 4.000 4.000 4.000 4.000 4.000 4.000 4.000 4.000 4.000 4.000 0.000 2.000
AAdist Y 4.000 4.000 4.000 4.000 1.000 4.000 2.000 4.000 4.000 4.000 4.000 4.000 4.000 4.000 4.000 4.000 4.000 4.000 2.000 0.000
num_VA_genes 9
VAdist TRGV1*01 0.000 86.000 44.000 42.000 44.000 70.000 63.000 81.000 75.000
VAdist TRGV10*01 86.000 0.000 77.000 77.000 80.000 71.000 81.000 61.000 76.000
VAdist TRGV2*01 44.000 77.000 0.000 30.000 6.000 75.000 62.000 79.000 80.000
VAdist TRGV3*01 42.000 77.000 30.000 0.000 30.000 82.000 68.000 81.000 79.000
VAdist TRGV8*01 44.000 80.000 6.000 30.000 0.000 78.000 68.000 82.000 80.000
VAdist TRGV9*01 70.000 71.000 75.000 82.000 78.000 0.000 73.000 70.000 69.000
VAdist TRGVA*01 63.000 81.000 62.000 68.000 68.000 73.000 0.000 78.000 69.000
VAdist TRGVC*01 81.000 61.000 79.000 81.000 82.000 70.000 78.000 0.000 79.000
VAdist TRGVD*01 75.000 76.000 80.000 79.000 80.000 69.000 69.000 79.000 0.000
num_VB_genes 83
VBdist TRAV1-1*01 0.000 0.000 23.000 66.000 70.000 70.000 54.000 54.000 60.000 50.000 65.000 63.000 62.000 62.000 69.000 55.000 65.000 47.000 68.000 68.000 63.000 65.000 65.000 66.000 55.000 60.000 55.000 60.000 56.000 60.000 56.000 60.000 56.000 56.000 56.000 69.000 69.000 68.000 69.000 67.000 67.000 69.000 72.000 55.000 66.000 74.000 71.000 71.000 68.000 68.000 63.000 63.000 60.000 60.000 73.000 73.000 73.000 73.000 66.000 72.000 67.000 67.000 65.000 69.000 69.000 59.000 73.000 66.000 65.000 65.000 71.000 65.000 65.000 66.000 61.000 64.000 64.000 63.000 78.000 78.000 66.000 66.000 73.000
VBdist TRAV1-1*02 0.000 0.000 23.000 66.000 70.000 70.000 54.000 54.000 60.000 50.000 65.000 63.000 62.000 62.000 69.000 55.000 65.000 47.000 68.000 68.000 63.000 65.000 65.000 66.000 55.000 60.000 55.000 60.000 56.000 60.000 56.000 60.000 56.000 56.000 56.000 69.000 69.000 68.000 69.000 67.000 67.000 69.000 72.000 55.000 66.000 74.000 71.000 71.000 68.000 68.000 63.000 63.000 60.000 60.000 73.000 73.000 73.000 73.000 66.000 72.000 67.000 67.000 65.000 69.000 69.000 59.000 73.000 66.000 65.000 65.000 71.000 65.000 65.000 66.000 61.000 64.000 64.000 63.000 78.000 78.000 66.000 66.000 73.000
VBdist TRAV1-2*01 23.000 23.000 0.000 63.000 68.000 68.000 57.000 57.000 57.000 50.000 62.000 60.000 65.000 65.000 66.000 55.000 56.000 58.000 74.000 74.000 68.000 61.000 61.000 68.000 53.000 56.000 53.000 54.000 60.000 61.000 60.000 63.000 60.000 57.000 57.000 58.000 58.000 55.000 62.000 65.000 65.000 66.000 63.000 58.000 60.000 68.000 66.000 66.000 61.000 61.000 69.000 69.000 68.000 68.000 73.000 73.000 73.000 73.000 64.000 71.000 60.000 60.000 60.000 73.000 73.000 62.000 70.000 63.000 69.000 66.000 74.000 68.000 64.000 69.000 64.000 64.000 64.000 63.000 78.000 78.000 67.000 67.000 75.000
VBdist TRAV10*01 66.000 66.000 63.000 0.000 59.000 59.000 67.000 67.000 72.000 58.000 63.000 59.000 65.000 65.000 75.000 66.000 53.000 70.000 76.000 76.000 61.000 59.000 59.000 55.000 63.000 60.000 63.000 63.000 59.000 58.000 59.000 59.000 59.000 57.000 57.000 57.000 57.000 60.000 68.000 71.000 71.000 68.000 68.000 60.000 71.000 66.000 64.000 64.000 68.000 68.000 53.000 53.000 66.000 66.000 74.000 74.000 70.000 70.000 66.000 72.000 64.000 64.000 65.000 69.000 69.000 63.000 54.000 76.000 72.000 72.000 79.000 76.000 75.000 64.000 62.000 68.000 68.000 70.000 81.000 81.000 78.000 78.000 81.000
VBdist TRAV11-1*01 70.000 70.000 68.000 59.000 0.000 0.000 62.000 62.000 57.000 60.000 56.000 54.000 59.000 59.000 69.000 68.000 50.000 67.000 66.000 66.000 55.000 52.000 52.000 37.000 59.000 59.000 59.000 58.000 62.000 59.000 62.000 61.000 59.000 61.000 61.000 56.000 56.000 56.000 75.000 73.000 73.000 74.000 65.000 59.000 70.000 61.000 56.000 56.000 67.000 67.000 49.000 49.000 58.000 62.000 69.000 69.000 69.000 69.000 67.000 76.000 72.000 72.000 59.000 73.000 73.000 59.000 59.000 61.000 71.000 67.000 69.000 71.000 67.000 66.000 64.000 75.000 76.000 76.000 78.000 78.000 70.000 70.000 70.000
VBdist TRAV11-2*01 70.000 70.000 68.000 59.000 0.000 0.000 62.000 62.000 57.000 60.000 56.000 54.000 59.000 59.000 69.000 68.000 50.000 67.000 66.000 66.000 55.000 52.000 52.000 37.000 59.000 59.000 59.000 58.000 62.000 59.000 62.000 61.000 59.000 61.000 61.000 56.000 56.000 56.000 75.000 73.000 73.000 74.000 65.000 59.000 70.000 61.000 56.000 56.000 67.000 67.000 49.000 49.000 58.000 62.000 69.000 69.000 69.000 69.000 67.000 76.000 72.000 72.000 59.000 73.000 73.000 59.000 59.000 61.000 71.000 67.000 69.000 71.000 67.000 66.000 64.000 75.000 76.000 76.000 78.000 78.000 70.000 70.000 70.000
VBdist TRAV12-1*01 54.000 54.000 57.000 67.000 62.000 62.000 0.000 0.000 20.000 20.000 45.000 47.000 47.000 47.000 64.000 56.000 62.000 60.000 71.000 71.000 62.000 59.000 59.000 51.000 54.000 54.000 50.000 54.000 47.000 47.000 47.000 48.000 47.000 61.000 61.000 68.000 68.000 68.000 68.000 68.000 68.000 64.000 64.000 50.000 66.000 62.000 69.000 69.000 68.000 68.000 60.000 60.000 52.000 56.000 66.000 66.000 67.000 67.000 66.000 58.000 68.000 68.000 56.000 64.000 64.000 50.000 66.000 68.000 63.000 62.000 55.000 63.000 64.000 65.000 68.000 65.000 61.000 61.000 75.000 75.000 65.000 65.000 71.000
VBdist TRAV12-1*02 54.000 54.000 57.000 67.000 62.000 62.000 0.000 0.000 20.000 20.000 45.000 47.000 47.000 47.000 64.000 56.000 62.000 60.000 71.000 71.000 62.000 59.000 59.000 51.000 54.000 54.000 50.000 54.000 47.000 47.000 47.000 48.000 47.000 61.000 61.000 68.000 68.000 68.000 68.000 68.000 68.000 64.000 64.000 50.000 66.000 62.000 69.000 69.000 68.000 68.000 60.000 60.000 52.000 56.000 66.000 66.000 67.000 67.000 66.000 58.000 68.000 68.000 56.000 64.000 64.000 50.000 66.000 68.000 63.000 62.000 55.000 63.000 64.000 65.000 68.000 65.000 61.000 61.000 75.000 75.000 65.000 65.000 71.000
VBdist TRAV12-2*01 60.000 60.000 57.000 72.000 57.000 57.000 20.000 20.000 0.000 35.000 49.000 51.000 53.000 53.000 69.000 54.000 67.000 59.000 68.000 68.000 68.000 56.000 56.000 55.000 58.000 58.000 58.000 58.000 59.000 57.000 59.000 60.000 57.000 65.000 65.000 69.000 69.000 69.000 66.000 71.000 71.000 67.000 66.000 58.000 64.000 63.000 68.000 68.000 71.000 71.000 57.000 57.000 54.000 58.000 71.000 71.000 72.000 72.000 69.000 62.000 64.000 64.000 57.000 66.000 66.000 53.000 71.000 62.000 66.000 65.000 61.000 66.000 62.000 65.000 63.000 71.000 67.000 67.000 78.000 78.000 68.000 68.000 73.000
VBdist TRAV12-3*01 50.000 50.000 50.000 58.000 60.000 60.000 20.000 20.000 35.000 0.000 41.000 43.000 43.000 43.000 63.000 59.000 56.000 56.000 63.000 63.000 64.000 53.000 53.000 43.000 52.000 52.000 48.000 53.000 33.000 33.000 33.000 36.000 33.000 61.000 61.000 67.000 67.000 67.000 61.000 61.000 61.000 60.000 67.000 36.000 61.000 70.000 67.000 67.000 64.000 64.000 54.000 54.000 52.000 56.000 61.000 61.000 61.000 61.000 61.000 55.000 63.000 63.000 61.000 64.000 64.000 47.000 54.000 65.000 58.000 62.000 59.000 58.000 63.000 65.000 67.000 64.000 56.000 58.000 68.000 68.000 65.000 65.000 66.000
VBdist TRAV13-1*01 65.000 65.000 62.000 63.000 56.000 56.000 45.000 45.000 49.000 41.000 0.000 8.000 18.000 18.000 67.000 59.000 43.000 56.000 70.000 70.000 69.000 54.000 54.000 43.000 55.000 58.000 51.000 59.000 31.000 29.000 31.000 28.000 28.000 57.000 57.000 65.000 65.000 62.000 69.000 67.000 67.000 65.000 69.000 32.000 61.000 65.000 65.000 65.000 61.000 61.000 60.000 60.000 38.000 42.000 62.000 62.000 67.000 67.000 56.000 59.000 66.000 66.000 55.000 81.000 81.000 31.000 44.000 70.000 59.000 63.000 67.000 59.000 67.000 69.000 70.000 70.000 65.000 65.000 72.000 72.000 69.000 69.000 76.000
VBdist TRAV13-1*02 63.000 63.000 60.000 59.000 54.000 54.000 47.000 47.000 51.000 43.000 8.000 0.000 17.000 17.000 66.000 59.000 39.000 56.000 66.000 66.000 69.000 54.000 54.000 42.000 55.000 58.000 51.000 59.000 39.000 37.000 39.000 36.000 36.000 57.000 57.000 65.000 65.000 62.000 69.000 67.000 67.000 65.000 69.000 35.000 61.000 65.000 65.000 65.000 61.000 61.000 60.000 60.000 38.000 42.000 64.000 64.000 65.000 65.000 60.000 59.000 66.000 66.000 55.000 80.000 80.000 31.000 39.000 70.000 59.000 63.000 68.000 59.000 67.000 69.000 68.000 70.000 66.000 66.000 72.000 72.000 74.000 74.000 76.000
VBdist TRAV13-2*01 62.000 62.000 65.000 65.000 59.000 59.000 47.000 47.000 53.000 43.000 18.000 17.000 0.000 0.000 67.000 56.000 49.000 59.000 70.000 70.000 69.000 57.000 57.000 47.000 58.000 59.000 54.000 62.000 32.000 39.000 32.000 29.000 35.000 60.000 60.000 66.000 66.000 65.000 68.000 63.000 63.000 64.000 69.000 30.000 61.000 66.000 68.000 68.000 64.000 64.000 63.000 63.000 37.000 41.000 66.000 66.000 67.000 67.000 53.000 52.000 69.000 69.000 55.000 79.000 79.000 27.000 46.000 70.000 59.000 63.000 68.000 59.000 67.000 66.000 67.000 70.000 66.000 66.000 72.000 72.000 74.000 74.000 76.000
VBdist TRAV13-2*02 62.000 62.000 65.000 65.000 59.000 59.000 47.000 47.000 53.000 43.000 18.000 17.000 0.000 0.000 67.000 56.000 49.000 59.000 70.000 70.000 69.000 57.000 57.000 47.000 58.000 59.000 54.000 62.000 32.000 39.000 32.000 29.000 35.000 60.000 60.000 66.000 66.000 65.000 68.000 63.000 63.000 64.000 69.000 30.000 61.000 66.000 68.000 68.000 64.000 64.000 63.000 63.000 37.000 41.000 66.000 66.000 67.000 67.000 53.000 52.000 69.000 69.000 55.000 79.000 79.000 27.000 46.000 70.000 59.000 63.000 68.000 59.000 67.000 66.000 67.000 70.000 66.000 66.000 72.000 72.000 74.000 74.000 76.000
VBdist TRAV14-2*01 69.000 69.000 66.000 75.000 69.000 69.000 64.000 64.000 69.000 63.000 67.000 66.000 67.000 67.000 0.000 69.000 60.000 62.000 35.000 35.000 66.000 62.000 62.000 65.000 77.000 77.000 77.000 77.000 66.000 66.000 66.000 67.000 66.000 74.000 74.000 64.000 64.000 64.000 57.000 60.000 60.000 60.000 67.000 63.000 60.000 71.000 69.000 69.000 72.000 72.000 75.000 75.000 66.000 70.000 28.000 28.000 29.000 29.000 71.000 67.000 72.000 72.000 76.000 78.000 78.000 65.000 78.000 67.000 64.000 63.000 67.000 62.000 60.000 67.000 72.000 62.000 62.000 64.000 74.000 74.000 74.000 74.000 66.000
VBdist TRAV16*01 55.000 55.000 55.000 66.000 68.000 68.000 56.000 56.000 54.000 59.000 59.000 59.000 56.000 56.000 69.000 0.000 63.000 47.000 70.000 70.000 49.000 64.000 64.000 59.000 60.000 60.000 60.000 61.000 53.000 55.000 53.000 56.000 55.000 66.000 66.000 65.000 65.000 65.000 59.000 60.000 60.000 60.000 71.000 58.000 42.000 66.000 73.000 73.000 74.000 74.000 66.000 66.000 58.000 58.000 70.000 70.000 71.000 71.000 71.000 63.000 54.000 54.000 59.000 68.000 68.000 54.000 74.000 54.000 48.000 40.000 58.000 50.000 43.000 54.000 52.000 54.000 55.000 55.000 69.000 69.000 70.000 70.000 63.000
VBdist TRAV17*01 65.000 65.000 56.000 53.000 50.000 50.000 62.000 62.000 67.000 56.000 43.000 39.000 49.000 49.000 60.000 63.000 0.000 59.000 67.000 67.000 60.000 58.000 58.000 44.000 45.000 48.000 48.000 45.000 56.000 54.000 56.000 52.000 53.000 56.000 56.000 48.000 48.000 45.000 66.000 64.000 64.000 66.000 61.000 51.000 69.000 58.000 53.000 53.000 58.000 58.000 60.000 60.000 57.000 61.000 64.000 64.000 64.000 64.000 46.000 65.000 65.000 65.000 52.000 75.000 75.000 55.000 41.000 68.000 66.000 62.000 70.000 63.000 65.000 68.000 67.000 68.000 69.000 71.000 79.000 79.000 74.000 74.000 81.000
VBdist TRAV18*01 47.000 47.000 58.000 70.000 67.000 67.000 60.000 60.000 59.000 56.000 56.000 56.000 59.000 59.000 62.000 47.000 59.000 0.000 55.000 55.000 56.000 62.000 62.000 59.000 63.000 63.000 63.000 65.000 55.000 48.000 55.000 62.000 52.000 64.000 64.000 64.000 64.000 65.000 62.000 63.000 63.000 59.000 69.000 60.000 55.000 69.000 66.000 66.000 67.000 67.000 63.000 63.000 51.000 51.000 59.000 59.000 60.000 60.000 71.000 64.000 64.000 64.000 63.000 72.000 72.000 57.000 62.000 66.000 49.000 53.000 68.000 53.000 57.000 58.000 59.000 59.000 56.000 56.000 73.000 73.000 66.000 66.000 66.000
VBdist TRAV19*01 68.000 68.000 74.000 76.000 66.000 66.000 71.000 71.000 68.000 63.000 70.000 66.000 70.000 70.000 35.000 70.000 67.000 55.000 0.000 0.000 69.000 74.000 74.000 64.000 79.000 79.000 79.000 80.000 66.000 66.000 66.000 70.000 66.000 78.000 78.000 75.000 75.000 75.000 67.000 62.000 62.000 66.000 79.000 67.000 62.000 77.000 77.000 77.000 80.000 80.000 75.000 75.000 70.000 74.000 38.000 38.000 32.000 32.000 76.000 67.000 77.000 77.000 77.000 78.000 78.000 71.000 74.000 60.000 60.000 64.000 61.000 60.000 62.000 66.000 66.000 63.000 58.000 60.000 73.000 73.000 78.000 78.000 67.000
VBdist TRAV19*02 68.000 68.000 74.000 76.000 66.000 66.000 71.000 71.000 68.000 63.000 70.000 66.000 70.000 70.000 35.000 70.000 67.000 55.000 0.000 0.000 69.000 74.000 74.000 64.000 79.000 79.000 79.000 80.000 66.000 66.000 66.000 70.000 66.000 78.000 78.000 75.000 75.000 75.000 67.000 62.000 62.000 66.000 79.000 67.000 62.000 77.000 77.000 77.000 80.000 80.000 75.000 75.000 70.000 74.000 38.000 38.000 32.000 32.000 76.000 67.000 77.000 77.000 77.000 78.000 78.000 71.000 74.000 60.000 60.000 64.000 61.000 60.000 62.000 66.000 66.000 63.000 58.000 60.000 73.000 73.000 78.000 78.000 67.000
VBdist TRAV2*01 63.000 63.000 68.000 61.000 55.000 55.000 62.000 62.000 68.000 64.000 69.000 69.000 69.000 69.000 66.000 49.000 60.000 56.000 69.000 69.000 0.000 57.000 57.000 58.000 62.000 63.000 62.000 63.000 65.000 65.000 65.000 69.000 65.000 63.000 63.000 69.000 69.000 69.000 64.000 63.000 63.000 62.000 74.000 70.000 66.000 69.000 68.000 68.000 74.000 74.000 62.000 62.000 66.000 66.000 67.000 67.000 66.000 66.000 72.000 63.000 52.000 52.000 59.000 57.000 57.000 68.000 69.000 74.000 67.000 64.000 67.000 68.000 67.000 68.000 66.000 52.000 53.000 57.000 64.000 64.000 64.000 64.000 57.000
VBdist TRAV20*01 65.000 65.000 61.000 59.000 52.000 52.000 59.000 59.000 56.000 53.000 54.000 54.000 57.000 57.000 62.000 64.000 58.000 62.000 74.000 74.000 57.000 0.000 0.000 55.000 67.000 67.000 67.000 67.000 53.000 50.000 53.000 53.000 50.000 60.000 60.000 57.000 57.000 57.000 67.000 74.000 74.000 71.000 57.000 55.000 63.000 57.000 51.000 51.000 54.000 54.000 47.000 47.000 57.000 61.000 69.000 69.000 69.000 69.000 61.000 72.000 55.000 55.000 58.000 76.000 76.000 56.000 63.000 68.000 68.000 68.000 71.000 68.000 60.000 68.000 62.000 76.000 76.000 76.000 83.000 83.000 70.000 70.000 76.000
VBdist TRAV20*02 65.000 65.000 61.000 59.000 52.000 52.000 59.000 59.000 56.000 53.000 54.000 54.000 57.000 57.000 62.000 64.000 58.000 62.000 74.000 74.000 57.000 0.000 0.000 55.000 67.000 67.000 67.000 67.000 53.000 50.000 53.000 53.000 50.000 60.000 60.000 57.000 57.000 57.000 67.000 74.000 74.000 71.000 57.000 55.000 63.000 57.000 51.000 51.000 54.000 54.000 47.000 47.000 57.000 61.000 69.000 69.000 69.000 69.000 61.000 72.000 55.000 55.000 58.000 76.000 76.000 56.000 63.000 68.000 68.000 68.000 71.000 68.000 60.000 68.000 62.000 76.000 76.000 76.000 83.000 83.000 70.000 70.000 76.000
VBdist TRAV21*01 66.000 66.000 68.000 55.000 37.000 37.000 51.000 51.000 55.000 43.000 43.000 42.000 47.000 47.000 65.000 59.000 44.000 59.000 64.000 64.000 58.000 55.000 55.000 0.000 62.000 62.000 58.000 63.000 47.000 44.000 47.000 49.000 44.000 57.000 57.000 63.000 63.000 63.000 79.000 77.000 77.000 78.000 71.000 50.000 66.000 63.000 55.000 55.000 72.000 72.000 53.000 53.000 46.000 50.000 62.000 62.000 62.000 62.000 62.000 72.000 71.000 71.000 67.000 77.000 77.000 53.000 54.000 64.000 64.000 60.000 65.000 64.000 58.000 68.000 67.000 64.000 61.000 63.000 71.000 71.000 73.000 73.000 70.000
VBdist TRAV22-1*01 55.000 55.000 53.000 63.000 59.000 59.000 54.000 54.000 58.000 52.000 55.000 55.000 58.000 58.000 77.000 60.000 45.000 63.000 79.000 79.000 62.000 67.000 67.000 62.000 0.000 7.000 4.000 8.000 62.000 63.000 62.000 64.000 62.000 61.000 61.000 57.000 57.000 54.000 70.000 68.000 68.000 70.000 65.000 60.000 75.000 66.000 63.000 63.000 55.000 55.000 64.000 64.000 65.000 69.000 80.000 80.000 80.000 80.000 57.000 65.000 65.000 65.000 39.000 67.000 67.000 61.000 61.000 66.000 69.000 65.000 72.000 65.000 69.000 70.000 63.000 68.000 69.000 69.000 74.000 74.000 68.000 68.000 69.000
VBdist TRAV22-1*02 60.000 60.000 56.000 60.000 59.000 59.000 54.000 54.000 58.000 52.000 58.000 58.000 59.000 59.000 77.000 60.000 48.000 63.000 79.000 79.000 63.000 67.000 67.000 62.000 7.000 0.000 11.000 7.000 64.000 63.000 64.000 65.000 64.000 61.000 61.000 54.000 54.000 57.000 70.000 69.000 69.000 70.000 64.000 61.000 75.000 66.000 63.000 63.000 58.000 58.000 64.000 64.000 66.000 70.000 80.000 80.000 80.000 80.000 58.000 66.000 65.000 65.000 43.000 67.000 67.000 60.000 58.000 66.000 69.000 65.000 72.000 65.000 69.000 70.000 67.000 68.000 69.000 69.000 74.000 74.000 68.000 68.000 70.000
VBdist TRAV22-2*01 55.000 55.000 53.000 63.000 59.000 59.000 50.000 50.000 58.000 48.000 51.000 51.000 54.000 54.000 77.000 60.000 48.000 63.000 79.000 79.000 62.000 67.000 67.000 58.000 4.000 11.000 0.000 12.000 58.000 59.000 58.000 60.000 58.000 61.000 61.000 58.000 58.000 55.000 70.000 67.000 67.000 69.000 65.000 61.000 75.000 67.000 64.000 64.000 55.000 55.000 64.000 64.000 61.000 65.000 80.000 80.000 80.000 80.000 56.000 61.000 65.000 65.000 42.000 67.000 67.000 60.000 60.000 66.000 69.000 65.000 68.000 69.000 69.000 70.000 63.000 67.000 68.000 68.000 70.000 70.000 68.000 68.000 69.000
VBdist TRAV22-3*01 60.000 60.000 54.000 63.000 58.000 58.000 54.000 54.000 58.000 53.000 59.000 59.000 62.000 62.000 77.000 61.000 45.000 65.000 80.000 80.000 63.000 67.000 67.000 63.000 8.000 7.000 12.000 0.000 64.000 65.000 64.000 64.000 64.000 57.000 57.000 57.000 57.000 54.000 70.000 68.000 68.000 70.000 65.000 61.000 76.000 62.000 59.000 59.000 59.000 59.000 60.000 60.000 65.000 69.000 80.000 80.000 80.000 80.000 53.000 65.000 65.000 65.000 39.000 63.000 63.000 57.000 65.000 67.000 70.000 66.000 73.000 66.000 70.000 69.000 66.000 69.000 70.000 70.000 74.000 74.000 64.000 64.000 71.000
VBdist TRAV23-1*01 56.000 56.000 60.000 59.000 62.000 62.000 47.000 47.000 59.000 33.000 31.000 39.000 32.000 32.000 66.000 53.000 56.000 55.000 66.000 66.000 65.000 53.000 53.000 47.000 62.000 64.000 58.000 64.000 0.000 7.000 0.000 7.000 3.000 60.000 60.000 62.000 62.000 61.000 67.000 60.000 60.000 66.000 66.000 23.000 58.000 66.000 69.000 69.000 65.000 65.000 58.000 58.000 48.000 52.000 61.000 61.000 65.000 65.000 56.000 61.000 61.000 61.000 54.000 77.000 77.000 45.000 56.000 68.000 57.000 62.000 64.000 58.000 63.000 61.000 62.000 71.000 66.000 66.000 74.000 74.000 71.000 71.000 70.000
VBdist TRAV23-1*02 60.000 60.000 61.000 58.000 59.000 59.000 47.000 47.000 57.000 33.000 29.000 37.000 39.000 39.000 66.000 55.000 54.000 48.000 66.000 66.000 65.000 50.000 50.000 44.000 63.000 63.000 59.000 65.000 7.000 0.000 7.000 14.000 4.000 57.000 57.000 61.000 61.000 62.000 69.000 64.000 64.000 68.000 66.000 30.000 58.000 65.000 66.000 66.000 66.000 66.000 55.000 55.000 49.000 53.000 61.000 61.000 65.000 65.000 60.000 65.000 58.000 58.000 58.000 77.000 77.000 45.000 52.000 68.000 57.000 62.000 64.000 58.000 63.000 64.000 65.000 71.000 66.000 66.000 74.000 74.000 71.000 71.000 70.000
VBdist TRAV23-2*01 56.000 56.000 60.000 59.000 62.000 62.000 47.000 47.000 59.000 33.000 31.000 39.000 32.000 32.000 66.000 53.000 56.000 55.000 66.000 66.000 65.000 53.000 53.000 47.000 62.000 64.000 58.000 64.000 0.000 7.000 0.000 7.000 3.000 60.000 60.000 62.000 62.000 61.000 67.000 60.000 60.000 66.000 66.000 23.000 58.000 66.000 69.000 69.000 65.000 65.000 58.000 58.000 48.000 52.000 61.000 61.000 65.000 65.000 56.000 61.000 61.000 61.000 54.000 77.000 77.000 45.000 56.000 68.000 57.000 62.000 64.000 58.000 63.000 61.000 62.000 71.000 66.000 66.000 74.000 74.000 71.000 71.000 70.000
VBdist TRAV23-3*01 60.000 60.000 63.000 59.000 61.000 61.000 48.000 48.000 60.000 36.000 28.000 36.000 29.000 29.000 67.000 56.000 52.000 62.000 70.000 70.000 69.000 53.000 53.000 49.000 64.000 65.000 60.000 64.000 7.000 14.000 7.000 0.000 10.000 61.000 61.000 63.000 63.000 62.000 66.000 59.000 59.000 65.000 67.000 22.000 61.000 66.000 68.000 68.000 66.000 66.000 59.000 59.000 48.000 52.000 62.000 62.000 66.000 66.000 56.000 60.000 62.000 62.000 58.000 77.000 77.000 45.000 53.000 71.000 61.000 65.000 67.000 61.000 66.000 61.000 63.000 74.000 69.000 69.000 69.000 69.000 71.000 71.000 77.000
VBdist TRAV23-4*01 56.000 56.000 60.000 59.000 59.000 59.000 47.000 47.000 57.000 33.000 28.000 36.000 35.000 35.000 66.000 55.000 53.000 52.000 66.000 66.000 65.000 50.000 50.000 44.000 62.000 64.000 58.000 64.000 3.000 4.000 3.000 10.000 0.000 57.000 57.000 62.000 62.000 61.000 67.000 60.000 60.000 66.000 66.000 26.000 58.000 65.000 66.000 66.000 65.000 65.000 55.000 55.000 45.000 49.000 61.000 61.000 65.000 65.000 56.000 61.000 58.000 58.000 57.000 77.000 77.000 45.000 53.000 68.000 57.000 62.000 64.000 58.000 63.000 64.000 65.000 71.000 66.000 66.000 74.000 74.000 71.000 71.000 70.000
VBdist TRAV24*01 56.000 56.000 57.000 57.000 61.000 61.000 61.000 61.000 65.000 61.000 57.000 57.000 60.000 60.000 74.000 66.000 56.000 64.000 78.000 78.000 63.000 60.000 60.000 57.000 61.000 61.000 61.000 57.000 60.000 57.000 60.000 61.000 57.000 0.000 0.000 64.000 64.000 64.000 78.000 78.000 78.000 77.000 63.000 55.000 70.000 51.000 53.000 53.000 63.000 63.000 42.000 42.000 60.000 60.000 75.000 75.000 74.000 74.000 54.000 76.000 60.000 60.000 58.000 74.000 74.000 50.000 60.000 76.000 64.000 68.000 77.000 68.000 71.000 60.000 66.000 70.000 70.000 70.000 78.000 78.000 69.000 69.000 74.000
VBdist TRAV24-1*01 56.000 56.000 57.000 57.000 61.000 61.000 61.000 61.000 65.000 61.000 57.000 57.000 60.000 60.000 74.000 66.000 56.000 64.000 78.000 78.000 63.000 60.000 60.000 57.000 61.000 61.000 61.000 57.000 60.000 57.000 60.000 61.000 57.000 0.000 0.000 64.000 64.000 64.000 78.000 78.000 78.000 77.000 63.000 55.000 70.000 51.000 53.000 53.000 63.000 63.000 42.000 42.000 60.000 60.000 75.000 75.000 74.000 74.000 54.000 76.000 60.000 60.000 58.000 74.000 74.000 50.000 60.000 76.000 64.000 68.000 77.000 68.000 71.000 60.000 66.000 70.000 70.000 70.000 78.000 78.000 69.000 69.000 74.000
VBdist TRAV25*01 69.000 69.000 58.000 57.000 56.000 56.000 68.000 68.000 69.000 67.000 65.000 65.000 66.000 66.000 64.000 65.000 48.000 64.000 75.000 75.000 69.000 57.000 57.000 63.000 57.000 54.000 58.000 57.000 62.000 61.000 62.000 63.000 62.000 64.000 64.000 0.000 0.000 3.000 60.000 64.000 64.000 60.000 35.000 62.000 67.000 41.000 42.000 42.000 38.000 38.000 62.000 62.000 68.000 68.000 67.000 67.000 67.000 67.000 52.000 69.000 65.000 65.000 56.000 81.000 81.000 61.000 63.000 65.000 70.000 63.000 72.000 68.000 67.000 61.000 60.000 73.000 74.000 74.000 79.000 79.000 68.000 68.000 77.000
VBdist TRAV25*02 69.000 69.000 58.000 57.000 56.000 56.000 68.000 68.000 69.000 67.000 65.000 65.000 66.000 66.000 64.000 65.000 48.000 64.000 75.000 75.000 69.000 57.000 57.000 63.000 57.000 54.000 58.000 57.000 62.000 61.000 62.000 63.000 62.000 64.000 64.000 0.000 0.000 3.000 60.000 64.000 64.000 60.000 35.000 62.000 67.000 41.000 42.000 42.000 38.000 38.000 62.000 62.000 68.000 68.000 67.000 67.000 67.000 67.000 52.000 69.000 65.000 65.000 56.000 81.000 81.000 61.000 63.000 65.000 70.000 63.000 72.000 68.000 67.000 61.000 60.000 73.000 74.000 74.000 79.000 79.000 68.000 68.000 77.000
VBdist TRAV25-1*01 68.000 68.000 55.000 60.000 56.000 56.000 68.000 68.000 69.000 67.000 62.000 62.000 65.000 65.000 64.000 65.000 45.000 65.000 75.000 75.000 69.000 57.000 57.000 63.000 54.000 57.000 55.000 54.000 61.000 62.000 61.000 62.000 61.000 64.000 64.000 3.000 3.000 0.000 60.000 63.000 63.000 60.000 36.000 61.000 67.000 41.000 42.000 42.000 35.000 35.000 62.000 62.000 67.000 67.000 67.000 67.000 67.000 67.000 51.000 68.000 65.000 65.000 53.000 81.000 81.000 62.000 66.000 65.000 70.000 63.000 72.000 68.000 67.000 61.000 60.000 73.000 74.000 74.000 79.000 79.000 68.000 68.000 77.000
VBdist TRAV26-1*01 69.000 69.000 62.000 68.000 75.000 75.000 68.000 68.000 66.000 61.000 69.000 69.000 68.000 68.000 57.000 59.000 66.000 62.000 67.000 67.000 64.000 67.000 67.000 79.000 70.000 70.000 70.000 70.000 67.000 69.000 67.000 66.000 67.000 78.000 78.000 60.000 60.000 60.000 0.000 21.000 21.000 7.000 65.000 68.000 65.000 65.000 72.000 72.000 67.000 67.000 76.000 76.000 68.000 68.000 59.000 59.000 62.000 62.000 68.000 33.000 60.000 60.000 70.000 67.000 67.000 65.000 71.000 73.000 73.000 75.000 79.000 69.000 71.000 65.000 65.000 65.000 61.000 61.000 62.000 62.000 59.000 59.000 66.000
VBdist TRAV26-2*01 67.000 67.000 65.000 71.000 73.000 73.000 68.000 68.000 71.000 61.000 67.000 67.000 63.000 63.000 60.000 60.000 64.000 63.000 62.000 62.000 63.000 74.000 74.000 77.000 68.000 69.000 67.000 68.000 60.000 64.000 60.000 59.000 60.000 78.000 78.000 64.000 64.000 63.000 21.000 0.000 0.000 16.000 61.000 66.000 69.000 69.000 73.000 73.000 70.000 70.000 74.000 74.000 64.000 65.000 63.000 63.000 63.000 63.000 60.000 33.000 64.000 64.000 68.000 68.000 68.000 61.000 68.000 72.000 72.000 74.000 73.000 68.000 74.000 70.000 73.000 61.000 57.000 53.000 65.000 65.000 68.000 68.000 70.000
VBdist TRAV26-2*02 67.000 67.000 65.000 71.000 73.000 73.000 68.000 68.000 71.000 61.000 67.000 67.000 63.000 63.000 60.000 60.000 64.000 63.000 62.000 62.000 63.000 74.000 74.000 77.000 68.000 69.000 67.000 68.000 60.000 64.000 60.000 59.000 60.000 78.000 78.000 64.000 64.000 63.000 21.000 0.000 0.000 16.000 61.000 66.000 69.000 69.000 73.000 73.000 70.000 70.000 74.000 74.000 64.000 65.000 63.000 63.000 63.000 63.000 60.000 33.000 64.000 64.000 68.000 68.000 68.000 61.000 68.000 72.000 72.000 74.000 73.000 68.000 74.000 70.000 73.000 61.000 57.000 53.000 65.000 65.000 68.000 68.000 70.000
VBdist TRAV26-3*01 69.000 69.000 66.000 68.000 74.000 74.000 64.000 64.000 67.000 60.000 65.000 65.000 64.000 64.000 60.000 60.000 66.000 59.000 66.000 66.000 62.000 71.000 71.000 78.000 70.000 70.000 69.000 70.000 66.000 68.000 66.000 65.000 66.000 77.000 77.000 60.000 60.000 60.000 7.000 16.000 16.000 0.000 65.000 68.000 72.000 65.000 72.000 72.000 67.000 67.000 75.000 75.000 64.000 64.000 62.000 62.000 63.000 63.000 64.000 29.000 64.000 64.000 70.000 67.000 67.000 58.000 67.000 76.000 70.000 72.000 77.000 66.000 75.000 65.000 69.000 58.000 54.000 54.000 64.000 64.000 60.000 60.000 69.000
VBdist TRAV27*01 72.000 72.000 63.000 68.000 65.000 65.000 64.000 64.000 66.000 67.000 69.000 69.000 69.000 69.000 67.000 71.000 61.000 69.000 79.000 79.000 74.000 57.000 57.000 71.000 65.000 64.000 65.000 65.000 66.000 66.000 66.000 67.000 66.000 63.000 63.000 35.000 35.000 36.000 65.000 61.000 61.000 65.000 0.000 65.000 69.000 50.000 55.000 55.000 33.000 33.000 59.000 59.000 71.000 72.000 73.000 73.000 73.000 73.000 58.000 69.000 62.000 62.000 57.000 80.000 80.000 60.000 67.000 73.000 69.000 65.000 72.000 72.000 70.000 65.000 67.000 78.000 78.000 78.000 81.000 81.000 73.000 73.000 78.000
VBdist TRAV29*01 55.000 55.000 58.000 60.000 59.000 59.000 50.000 50.000 58.000 36.000 32.000 35.000 30.000 30.000 63.000 58.000 51.000 60.000 67.000 67.000 70.000 55.000 55.000 50.000 60.000 61.000 61.000 61.000 23.000 30.000 23.000 22.000 26.000 55.000 55.000 62.000 62.000 61.000 68.000 66.000 66.000 68.000 65.000 0.000 59.000 62.000 64.000 64.000 64.000 64.000 60.000 60.000 49.000 53.000 61.000 61.000 65.000 65.000 58.000 67.000 65.000 65.000 52.000 78.000 78.000 39.000 52.000 68.000 59.000 63.000 70.000 58.000 64.000 58.000 62.000 72.000 67.000 67.000 76.000 76.000 69.000 69.000 74.000
VBdist TRAV3*01 66.000 66.000 60.000 71.000 70.000 70.000 66.000 66.000 64.000 61.000 61.000 61.000 61.000 61.000 60.000 42.000 69.000 55.000 62.000 62.000 66.000 63.000 63.000 66.000 75.000 75.000 75.000 76.000 58.000 58.000 58.000 61.000 58.000 70.000 70.000 67.000 67.000 67.000 65.000 69.000 69.000 72.000 69.000 59.000 0.000 68.000 72.000 72.000 76.000 76.000 68.000 68.000 66.000 67.000 63.000 63.000 66.000 66.000 72.000 74.000 68.000 68.000 70.000 78.000 78.000 60.000 74.000 44.000 32.000 33.000 43.000 35.000 40.000 57.000 58.000 74.000 70.000 70.000 74.000 74.000 76.000 76.000 72.000
VBdist TRAV30*01 74.000 74.000 68.000 66.000 61.000 61.000 62.000 62.000 63.000 70.000 65.000 65.000 66.000 66.000 71.000 66.000 58.000 69.000 77.000 77.000 69.000 57.000 57.000 63.000 66.000 66.000 67.000 62.000 66.000 65.000 66.000 66.000 65.000 51.000 51.000 41.000 41.000 41.000 65.000 69.000 69.000 65.000 50.000 62.000 68.000 0.000 20.000 20.000 52.000 52.000 56.000 56.000 64.000 64.000 75.000 75.000 75.000 75.000 50.000 73.000 66.000 66.000 50.000 74.000 74.000 57.000 64.000 66.000 73.000 70.000 71.000 68.000 63.000 60.000 61.000 75.000 75.000 75.000 75.000 75.000 70.000 70.000 74.000
VBdist TRAV34*01 71.000 71.000 66.000 64.000 56.000 56.000 69.000 69.000 68.000 67.000 65.000 65.000 68.000 68.000 69.000 73.000 53.000 66.000 77.000 77.000 68.000 51.000 51.000 55.000 63.000 63.000 64.000 59.000 69.000 66.000 69.000 68.000 66.000 53.000 53.000 42.000 42.000 42.000 72.000 73.000 73.000 72.000 55.000 64.000 72.000 20.000 0.000 0.000 52.000 52.000 55.000 55.000 66.000 66.000 73.000 73.000 73.000 73.000 55.000 76.000 69.000 69.000 57.000 72.000 72.000 64.000 57.000 71.000 73.000 73.000 75.000 72.000 71.000 66.000 64.000 73.000 73.000 75.000 72.000 72.000 65.000 65.000 74.000
VBdist TRAV34*02 71.000 71.000 66.000 64.000 56.000 56.000 69.000 69.000 68.000 67.000 65.000 65.000 68.000 68.000 69.000 73.000 53.000 66.000 77.000 77.000 68.000 51.000 51.000 55.000 63.000 63.000 64.000 59.000 69.000 66.000 69.000 68.000 66.000 53.000 53.000 42.000 42.000 42.000 72.000 73.000 73.000 72.000 55.000 64.000 72.000 20.000 0.000 0.000 52.000 52.000 55.000 55.000 66.000 66.000 73.000 73.000 73.000 73.000 55.000 76.000 69.000 69.000 57.000 72.000 72.000 64.000 57.000 71.000 73.000 73.000 75.000 72.000 71.000 66.000 64.000 73.000 73.000 75.000 72.000 72.000 65.000 65.000 74.000
VBdist TRAV35*01 68.000 68.000 61.000 68.000 67.000 67.000 68.000 68.000 71.000 64.000 61.000 61.000 64.000 64.000 72.000 74.000 58.000 67.000 80.000 80.000 74.000 54.000 54.000 72.000 55.000 58.000 55.000 59.000 65.000 66.000 65.000 66.000 65.000 63.000 63.000 38.000 38.000 35.000 67.000 70.000 70.000 67.000 33.000 64.000 76.000 52.000 52.000 52.000 0.000 1.000 67.000 67.000 71.000 71.000 76.000 76.000 76.000 76.000 59.000 64.000 63.000 63.000 53.000 78.000 78.000 63.000 62.000 76.000 69.000 69.000 72.000 73.000 74.000 61.000 62.000 77.000 77.000 77.000 83.000 83.000 65.000 65.000 78.000
VBdist TRAV35*02 68.000 68.000 61.000 68.000 67.000 67.000 68.000 68.000 71.000 64.000 61.000 61.000 64.000 64.000 72.000 74.000 58.000 67.000 80.000 80.000 74.000 54.000 54.000 72.000 55.000 58.000 55.000 59.000 65.000 66.000 65.000 66.000 65.000 63.000 63.000 38.000 38.000 35.000 67.000 70.000 70.000 67.000 33.000 64.000 76.000 52.000 52.000 52.000 1.000 0.000 67.000 67.000 71.000 71.000 76.000 76.000 76.000 76.000 59.000 64.000 63.000 63.000 54.000 78.000 78.000 63.000 62.000 76.000 69.000 69.000 72.000 73.000 74.000 61.000 62.000 77.000 77.000 77.000 83.000 83.000 65.000 65.000 78.000
VBdist TRAV36*01 63.000 63.000 69.000 53.000 49.000 49.000 60.000 60.000 57.000 54.000 60.000 60.000 63.000 63.000 75.000 66.000 60.000 63.000 75.000 75.000 62.000 47.000 47.000 53.000 64.000 64.000 64.000 60.000 58.000 55.000 58.000 59.000 55.000 42.000 42.000 62.000 62.000 62.000 76.000 74.000 74.000 75.000 59.000 60.000 68.000 56.000 55.000 55.000 67.000 67.000 0.000 0.000 57.000 61.000 79.000 79.000 78.000 78.000 54.000 77.000 63.000 63.000 55.000 63.000 63.000 55.000 64.000 65.000 64.000 67.000 67.000 68.000 66.000 63.000 62.000 75.000 75.000 77.000 81.000 81.000 75.000 75.000 74.000
VBdist TRAV36*02 63.000 63.000 69.000 53.000 49.000 49.000 60.000 60.000 57.000 54.000 60.000 60.000 63.000 63.000 75.000 66.000 60.000 63.000 75.000 75.000 62.000 47.000 47.000 53.000 64.000 64.000 64.000 60.000 58.000 55.000 58.000 59.000 55.000 42.000 42.000 62.000 62.000 62.000 76.000 74.000 74.000 75.000 59.000 60.000 68.000 56.000 55.000 55.000 67.000 67.000 0.000 0.000 57.000 61.000 79.000 79.000 78.000 78.000 54.000 77.000 63.000 63.000 55.000 63.000 63.000 55.000 64.000 65.000 64.000 67.000 67.000 68.000 66.000 63.000 62.000 75.000 75.000 77.000 81.000 81.000 75.000 75.000 74.000
VBdist TRAV37*01 60.000 60.000 68.000 66.000 58.000 58.000 52.000 52.000 54.000 52.000 38.000 38.000 37.000 37.000 66.000 58.000 57.000 51.000 70.000 70.000 66.000 57.000 57.000 46.000 65.000 66.000 61.000 65.000 48.000 49.000 48.000 48.000 45.000 60.000 60.000 68.000 68.000 67.000 68.000 64.000 64.000 64.000 71.000 49.000 66.000 64.000 66.000 66.000 71.000 71.000 57.000 57.000 0.000 4.000 68.000 68.000 69.000 69.000 60.000 60.000 65.000 65.000 62.000 82.000 82.000 37.000 63.000 67.000 55.000 56.000 65.000 51.000 57.000 68.000 64.000 70.000 67.000 68.000 74.000 74.000 70.000 70.000 77.000
VBdist TRAV37*02 60.000 60.000 68.000 66.000 62.000 62.000 56.000 56.000 58.000 56.000 42.000 42.000 41.000 41.000 70.000 58.000 61.000 51.000 74.000 74.000 66.000 61.000 61.000 50.000 69.000 70.000 65.000 69.000 52.000 53.000 52.000 52.000 49.000 60.000 60.000 68.000 68.000 67.000 68.000 65.000 65.000 64.000 72.000 53.000 67.000 64.000 66.000 66.000 71.000 71.000 61.000 61.000 4.000 0.000 69.000 69.000 70.000 70.000 64.000 60.000 65.000 65.000 66.000 82.000 82.000 41.000 63.000 71.000 59.000 60.000 69.000 55.000 61.000 68.000 64.000 70.000 67.000 68.000 74.000 74.000 70.000 70.000 77.000
VBdist TRAV38-1*01 73.000 73.000 73.000 74.000 69.000 69.000 66.000 66.000 71.000 61.000 62.000 64.000 66.000 66.000 28.000 70.000 64.000 59.000 38.000 38.000 67.000 69.000 69.000 62.000 80.000 80.000 80.000 80.000 61.000 61.000 61.000 62.000 61.000 75.000 75.000 67.000 67.000 67.000 59.000 63.000 63.000 62.000 73.000 61.000 63.000 75.000 73.000 73.000 76.000 76.000 79.000 79.000 68.000 69.000 0.000 0.000 9.000 9.000 72.000 66.000 72.000 72.000 79.000 80.000 80.000 66.000 73.000 78.000 63.000 67.000 75.000 63.000 65.000 69.000 72.000 62.000 57.000 59.000 70.000 70.000 68.000 68.000 69.000
VBdist TRAV38-1*02 73.000 73.000 73.000 74.000 69.000 69.000 66.000 66.000 71.000 61.000 62.000 64.000 66.000 66.000 28.000 70.000 64.000 59.000 38.000 38.000 67.000 69.000 69.000 62.000 80.000 80.000 80.000 80.000 61.000 61.000 61.000 62.000 61.000 75.000 75.000 67.000 67.000 67.000 59.000 63.000 63.000 62.000 73.000 61.000 63.000 75.000 73.000 73.000 76.000 76.000 79.000 79.000 68.000 69.000 0.000 0.000 9.000 9.000 72.000 66.000 72.000 72.000 79.000 80.000 80.000 66.000 73.000 78.000 63.000 67.000 75.000 63.000 65.000 69.000 72.000 62.000 57.000 59.000 70.000 70.000 68.000 68.000 69.000
VBdist TRAV38-2*01 73.000 73.000 73.000 70.000 69.000 69.000 67.000 67.000 72.000 61.000 67.000 65.000 67.000 67.000 29.000 71.000 64.000 60.000 32.000 32.000 66.000 69.000 69.000 62.000 80.000 80.000 80.000 80.000 65.000 65.000 65.000 66.000 65.000 74.000 74.000 67.000 67.000 67.000 62.000 63.000 63.000 63.000 73.000 65.000 66.000 75.000 73.000 73.000 76.000 76.000 78.000 78.000 69.000 70.000 9.000 9.000 0.000 0.000 76.000 67.000 72.000 72.000 79.000 78.000 78.000 67.000 73.000 78.000 64.000 68.000 75.000 64.000 65.000 67.000 68.000 63.000 58.000 60.000 73.000 73.000 69.000 69.000 70.000
VBdist TRAV38-2*02 73.000 73.000 73.000 70.000 69.000 69.000 67.000 67.000 72.000 61.000 67.000 65.000 67.000 67.000 29.000 71.000 64.000 60.000 32.000 32.000 66.000 69.000 69.000 62.000 80.000 80.000 80.000 80.000 65.000 65.000 65.000 66.000 65.000 74.000 74.000 67.000 67.000 67.000 62.000 63.000 63.000 63.000 73.000 65.000 66.000 75.000 73.000 73.000 76.000 76.000 78.000 78.000 69.000 70.000 9.000 9.000 0.000 0.000 76.000 67.000 72.000 72.000 79.000 78.000 78.000 67.000 73.000 78.000 64.000 68.000 75.000 64.000 65.000 67.000 68.000 63.000 58.000 60.000 73.000 73.000 69.000 69.000 70.000
VBdist TRAV39*01 66.000 66.000 64.000 66.000 67.000 67.000 66.000 66.000 69.000 61.000 56.000 60.000 53.000 53.000 71.000 71.000 46.000 71.000 76.000 76.000 72.000 61.000 61.000 62.000 57.000 58.000 56.000 53.000 56.000 60.000 56.000 56.000 56.000 54.000 54.000 52.000 52.000 51.000 68.000 60.000 60.000 64.000 58.000 58.000 72.000 50.000 55.000 55.000 59.000 59.000 54.000 54.000 60.000 64.000 72.000 72.000 76.000 76.000 0.000 65.000 69.000 69.000 57.000 76.000 76.000 49.000 56.000 68.000 70.000 68.000 71.000 66.000 67.000 72.000 75.000 69.000 68.000 70.000 80.000 80.000 71.000 71.000 77.000
VBdist TRAV4*01 72.000 72.000 71.000 72.000 76.000 76.000 58.000 58.000 62.000 55.000 59.000 59.000 52.000 52.000 67.000 63.000 65.000 64.000 67.000 67.000 63.000 72.000 72.000 72.000 65.000 66.000 61.000 65.000 61.000 65.000 61.000 60.000 61.000 76.000 76.000 69.000 69.000 68.000 33.000 33.000 33.000 29.000 69.000 67.000 74.000 73.000 76.000 76.000 64.000 64.000 77.000 77.000 60.000 60.000 66.000 66.000 67.000 67.000 65.000 0.000 67.000 67.000 69.000 68.000 68.000 63.000 65.000 81.000 72.000 76.000 71.000 72.000 80.000 70.000 70.000 65.000 61.000 61.000 65.000 65.000 66.000 66.000 70.000
VBdist TRAV40*01 67.000 67.000 60.000 64.000 72.000 72.000 68.000 68.000 64.000 63.000 66.000 66.000 69.000 69.000 72.000 54.000 65.000 64.000 77.000 77.000 52.000 55.000 55.000 71.000 65.000 65.000 65.000 65.000 61.000 58.000 61.000 62.000 58.000 60.000 60.000 65.000 65.000 65.000 60.000 64.000 64.000 64.000 62.000 65.000 68.000 66.000 69.000 69.000 63.000 63.000 63.000 63.000 65.000 65.000 72.000 72.000 72.000 72.000 69.000 67.000 0.000 0.000 62.000 70.000 70.000 70.000 67.000 74.000 60.000 64.000 69.000 68.000 65.000 61.000 58.000 61.000 61.000 62.000 67.000 67.000 67.000 67.000 71.000
VBdist TRAV40*02 67.000 67.000 60.000 64.000 72.000 72.000 68.000 68.000 64.000 63.000 66.000 66.000 69.000 69.000 72.000 54.000 65.000 64.000 77.000 77.000 52.000 55.000 55.000 71.000 65.000 65.000 65.000 65.000 61.000 58.000 61.000 62.000 58.000 60.000 60.000 65.000 65.000 65.000 60.000 64.000 64.000 64.000 62.000 65.000 68.000 66.000 69.000 69.000 63.000 63.000 63.000 63.000 65.000 65.000 72.000 72.000 72.000 72.000 69.000 67.000 0.000 0.000 62.000 70.000 70.000 70.000 67.000 74.000 60.000 64.000 69.000 68.000 65.000 61.000 58.000 61.000 61.000 62.000 67.000 67.000 67.000 67.000 71.000
VBdist TRAV41*01 65.000 65.000 60.000 65.000 59.000 59.000 56.000 56.000 57.000 61.000 55.000 55.000 55.000 55.000 76.000 59.000 52.000 63.000 77.000 77.000 59.000 58.000 58.000 67.000 39.000 43.000 42.000 39.000 54.000 58.000 54.000 58.000 57.000 58.000 58.000 56.000 56.000 53.000 70.000 68.000 68.000 70.000 57.000 52.000 70.000 50.000 57.000 57.000 53.000 54.000 55.000 55.000 62.000 66.000 79.000 79.000 79.000 79.000 57.000 69.000 62.000 62.000 0.000 66.000 66.000 55.000 68.000 70.000 71.000 71.000 66.000 69.000 66.000 63.000 61.000 72.000 72.000 72.000 74.000 74.000 71.000 71.000 62.000
VBdist TRAV46*01 69.000 69.000 73.000 69.000 73.000 73.000 64.000 64.000 66.000 64.000 81.000 80.000 79.000 79.000 78.000 68.000 75.000 72.000 78.000 78.000 57.000 76.000 76.000 77.000 67.000 67.000 67.000 63.000 77.000 77.000 77.000 77.000 77.000 74.000 74.000 81.000 81.000 81.000 67.000 68.000 68.000 67.000 80.000 78.000 78.000 74.000 72.000 72.000 78.000 78.000 63.000 63.000 82.000 82.000 80.000 80.000 78.000 78.000 76.000 68.000 70.000 70.000 66.000 0.000 0.000 77.000 74.000 85.000 82.000 81.000 69.000 82.000 78.000 68.000 68.000 72.000 72.000 74.000 73.000 73.000 69.000 69.000 66.000
VBdist TRAV46*02 69.000 69.000 73.000 69.000 73.000 73.000 64.000 64.000 66.000 64.000 81.000 80.000 79.000 79.000 78.000 68.000 75.000 72.000 78.000 78.000 57.000 76.000 76.000 77.000 67.000 67.000 67.000 63.000 77.000 77.000 77.000 77.000 77.000 74.000 74.000 81.000 81.000 81.000 67.000 68.000 68.000 67.000 80.000 78.000 78.000 74.000 72.000 72.000 78.000 78.000 63.000 63.000 82.000 82.000 80.000 80.000 78.000 78.000 76.000 68.000 70.000 70.000 66.000 0.000 0.000 77.000 74.000 85.000 82.000 81.000 69.000 82.000 78.000 68.000 68.000 72.000 72.000 74.000 73.000 73.000 69.000 69.000 66.000
VBdist TRAV5*01 59.000 59.000 62.000 63.000 59.000 59.000 50.000 50.000 53.000 47.000 31.000 31.000 27.000 27.000 65.000 54.000 55.000 57.000 71.000 71.000 68.000 56.000 56.000 53.000 61.000 60.000 60.000 57.000 45.000 45.000 45.000 45.000 45.000 50.000 50.000 61.000 61.000 62.000 65.000 61.000 61.000 58.000 60.000 39.000 60.000 57.000 64.000 64.000 63.000 63.000 55.000 55.000 37.000 41.000 66.000 66.000 67.000 67.000 49.000 63.000 70.000 70.000 55.000 77.000 77.000 0.000 53.000 66.000 57.000 59.000 71.000 53.000 61.000 63.000 68.000 68.000 64.000 64.000 77.000 77.000 70.000 70.000 77.000
VBdist TRAV6*01 73.000 73.000 70.000 54.000 59.000 59.000 66.000 66.000 71.000 54.000 44.000 39.000 46.000 46.000 78.000 74.000 41.000 62.000 74.000 74.000 69.000 63.000 63.000 54.000 61.000 58.000 60.000 65.000 56.000 52.000 56.000 53.000 53.000 60.000 60.000 63.000 63.000 66.000 71.000 68.000 68.000 67.000 67.000 52.000 74.000 64.000 57.000 57.000 62.000 62.000 64.000 64.000 63.000 63.000 73.000 73.000 73.000 73.000 56.000 65.000 67.000 67.000 68.000 74.000 74.000 53.000 0.000 79.000 74.000 78.000 78.000 74.000 78.000 73.000 71.000 73.000 69.000 71.000 75.000 75.000 76.000 76.000 81.000
VBdist TRAV8-1*01 66.000 66.000 63.000 76.000 61.000 61.000 68.000 68.000 62.000 65.000 70.000 70.000 70.000 70.000 67.000 54.000 68.000 66.000 60.000 60.000 74.000 68.000 68.000 64.000 66.000 66.000 66.000 67.000 68.000 68.000 68.000 71.000 68.000 76.000 76.000 65.000 65.000 65.000 73.000 72.000 72.000 76.000 73.000 68.000 44.000 66.000 71.000 71.000 76.000 76.000 65.000 65.000 67.000 71.000 78.000 78.000 78.000 78.000 68.000 81.000 74.000 74.000 70.000 85.000 85.000 66.000 79.000 0.000 49.000 43.000 39.000 41.000 45.000 72.000 70.000 78.000 79.000 79.000 84.000 84.000 83.000 83.000 73.000
VBdist TRAV8-2*01 65.000 65.000 69.000 72.000 71.000 71.000 63.000 63.000 66.000 58.000 59.000 59.000 59.000 59.000 64.000 48.000 66.000 49.000 60.000 60.000 67.000 68.000 68.000 64.000 69.000 69.000 69.000 70.000 57.000 57.000 57.000 61.000 57.000 64.000 64.000 70.000 70.000 70.000 73.000 72.000 72.000 70.000 69.000 59.000 32.000 73.000 73.000 73.000 69.000 69.000 64.000 64.000 55.000 59.000 63.000 63.000 64.000 64.000 70.000 72.000 60.000 60.000 71.000 82.000 82.000 57.000 74.000 49.000 0.000 8.000 41.000 16.000 32.000 59.000 60.000 69.000 65.000 66.000 78.000 78.000 70.000 70.000 76.000
VBdist TRAV8-3*01 65.000 65.000 66.000 72.000 67.000 67.000 62.000 62.000 65.000 62.000 63.000 63.000 63.000 63.000 63.000 40.000 62.000 53.000 64.000 64.000 64.000 68.000 68.000 60.000 65.000 65.000 65.000 66.000 62.000 62.000 62.000 65.000 62.000 68.000 68.000 63.000 63.000 63.000 75.000 74.000 74.000 72.000 65.000 63.000 33.000 70.000 73.000 73.000 69.000 69.000 67.000 67.000 56.000 60.000 67.000 67.000 68.000 68.000 68.000 76.000 64.000 64.000 71.000 81.000 81.000 59.000 78.000 43.000 8.000 0.000 40.000 18.000 29.000 57.000 59.000 68.000 69.000 70.000 82.000 82.000 70.000 70.000 77.000
VBdist TRAV8-4*01 71.000 71.000 74.000 79.000 69.000 69.000 55.000 55.000 61.000 59.000 67.000 68.000 68.000 68.000 67.000 58.000 70.000 68.000 61.000 61.000 67.000 71.000 71.000 65.000 72.000 72.000 68.000 73.000 64.000 64.000 64.000 67.000 64.000 77.000 77.000 72.000 72.000 72.000 79.000 73.000 73.000 77.000 72.000 70.000 43.000 71.000 75.000 75.000 72.000 72.000 67.000 67.000 65.000 69.000 75.000 75.000 75.000 75.000 71.000 71.000 69.000 69.000 66.000 69.000 69.000 71.000 78.000 39.000 41.000 40.000 0.000 45.000 39.000 65.000 64.000 76.000 76.000 77.000 78.000 78.000 72.000 72.000 71.000
VBdist TRAV8-5*01 65.000 65.000 68.000 76.000 71.000 71.000 63.000 63.000 66.000 58.000 59.000 59.000 59.000 59.000 62.000 50.000 63.000 53.000 60.000 60.000 68.000 68.000 68.000 64.000 65.000 65.000 69.000 66.000 58.000 58.000 58.000 61.000 58.000 68.000 68.000 68.000 68.000 68.000 69.000 68.000 68.000 66.000 72.000 58.000 35.000 68.000 72.000 72.000 73.000 73.000 68.000 68.000 51.000 55.000 63.000 63.000 64.000 64.000 66.000 72.000 68.000 68.000 69.000 82.000 82.000 53.000 74.000 41.000 16.000 18.000 45.000 0.000 32.000 61.000 64.000 69.000 65.000 66.000 78.000 78.000 77.000 77.000 77.000
VBdist TRAV8-7*01 65.000 65.000 64.000 75.000 67.000 67.000 64.000 64.000 62.000 63.000 67.000 67.000 67.000 67.000 60.000 43.000 65.000 57.000 62.000 62.000 67.000 60.000 60.000 58.000 69.000 69.000 69.000 70.000 63.000 63.000 63.000 66.000 63.000 71.000 71.000 67.000 67.000 67.000 71.000 74.000 74.000 75.000 70.000 64.000 40.000 63.000 71.000 71.000 74.000 74.000 66.000 66.000 57.000 61.000 65.000 65.000 65.000 65.000 67.000 80.000 65.000 65.000 66.000 78.000 78.000 61.000 78.000 45.000 32.000 29.000 39.000 32.000 0.000 57.000 51.000 74.000 74.000 75.000 81.000 81.000 76.000 76.000 78.000
VBdist TRAV9-1*01 66.000 66.000 69.000 64.000 66.000 66.000 65.000 65.000 65.000 65.000 69.000 69.000 66.000 66.000 67.000 54.000 68.000 58.000 66.000 66.000 68.000 68.000 68.000 68.000 70.000 70.000 70.000 69.000 61.000 64.000 61.000 61.000 64.000 60.000 60.000 61.000 61.000 61.000 65.000 70.000 70.000 65.000 65.000 58.000 57.000 60.000 66.000 66.000 61.000 61.000 63.000 63.000 68.000 68.000 69.000 69.000 67.000 67.000 72.000 70.000 61.000 61.000 63.000 68.000 68.000 63.000 73.000 72.000 59.000 57.000 65.000 61.000 57.000 0.000 24.000 77.000 76.000 76.000 83.000 83.000 61.000 61.000 80.000
VBdist TRAV9-2*01 61.000 61.000 64.000 62.000 64.000 64.000 68.000 68.000 63.000 67.000 70.000 68.000 67.000 67.000 72.000 52.000 67.000 59.000 66.000 66.000 66.000 62.000 62.000 67.000 63.000 67.000 63.000 66.000 62.000 65.000 62.000 63.000 65.000 66.000 66.000 60.000 60.000 60.000 65.000 73.000 73.000 69.000 67.000 62.000 58.000 61.000 64.000 64.000 62.000 62.000 62.000 62.000 64.000 64.000 72.000 72.000 68.000 68.000 75.000 70.000 58.000 58.000 61.000 68.000 68.000 68.000 71.000 70.000 60.000 59.000 64.000 64.000 51.000 24.000 0.000 78.000 77.000 77.000 83.000 83.000 65.000 65.000 79.000
VBdist TRDV1*01 64.000 64.000 64.000 68.000 75.000 75.000 65.000 65.000 71.000 64.000 70.000 70.000 70.000 70.000 62.000 54.000 68.000 59.000 63.000 63.000 52.000 76.000 76.000 64.000 68.000 68.000 67.000 69.000 71.000 71.000 71.000 74.000 71.000 70.000 70.000 73.000 73.000 73.000 65.000 61.000 61.000 58.000 78.000 72.000 74.000 75.000 73.000 73.000 77.000 77.000 75.000 75.000 70.000 70.000 62.000 62.000 63.000 63.000 69.000 65.000 61.000 61.000 72.000 72.000 72.000 68.000 73.000 78.000 69.000 68.000 76.000 69.000 74.000 77.000 78.000 0.000 8.000 16.000 55.000 55.000 70.000 70.000 58.000
VBdist TRDV1*02 64.000 64.000 64.000 68.000 76.000 76.000 61.000 61.000 67.000 56.000 65.000 66.000 66.000 66.000 62.000 55.000 69.000 56.000 58.000 58.000 53.000 76.000 76.000 61.000 69.000 69.000 68.000 70.000 66.000 66.000 66.000 69.000 66.000 70.000 70.000 74.000 74.000 74.000 61.000 57.000 57.000 54.000 78.000 67.000 70.000 75.000 73.000 73.000 77.000 77.000 75.000 75.000 67.000 67.000 57.000 57.000 58.000 58.000 68.000 61.000 61.000 61.000 72.000 72.000 72.000 64.000 69.000 79.000 65.000 69.000 76.000 65.000 74.000 76.000 77.000 8.000 0.000 8.000 51.000 51.000 69.000 69.000 58.000
VBdist TRDV1-1*01 63.000 63.000 63.000 70.000 76.000 76.000 61.000 61.000 67.000 58.000 65.000 66.000 66.000 66.000 64.000 55.000 71.000 56.000 60.000 60.000 57.000 76.000 76.000 63.000 69.000 69.000 68.000 70.000 66.000 66.000 66.000 69.000 66.000 70.000 70.000 74.000 74.000 74.000 61.000 53.000 53.000 54.000 78.000 67.000 70.000 75.000 75.000 75.000 77.000 77.000 77.000 77.000 68.000 68.000 59.000 59.000 60.000 60.000 70.000 61.000 62.000 62.000 72.000 74.000 74.000 64.000 71.000 79.000 66.000 70.000 77.000 66.000 75.000 76.000 77.000 16.000 8.000 0.000 55.000 55.000 69.000 69.000 58.000
VBdist TRDV2*01 78.000 78.000 78.000 81.000 78.000 78.000 75.000 75.000 78.000 68.000 72.000 72.000 72.000 72.000 74.000 69.000 79.000 73.000 73.000 73.000 64.000 83.000 83.000 71.000 74.000 74.000 70.000 74.000 74.000 74.000 74.000 69.000 74.000 78.000 78.000 79.000 79.000 79.000 62.000 65.000 65.000 64.000 81.000 76.000 74.000 75.000 72.000 72.000 83.000 83.000 81.000 81.000 74.000 74.000 70.000 70.000 73.000 73.000 80.000 65.000 67.000 67.000 74.000 73.000 73.000 77.000 75.000 84.000 78.000 82.000 78.000 78.000 81.000 83.000 83.000 55.000 51.000 55.000 0.000 0.000 77.000 77.000 47.000
VBdist TRDV2*02 78.000 78.000 78.000 81.000 78.000 78.000 75.000 75.000 78.000 68.000 72.000 72.000 72.000 72.000 74.000 69.000 79.000 73.000 73.000 73.000 64.000 83.000 83.000 71.000 74.000 74.000 70.000 74.000 74.000 74.000 74.000 69.000 74.000 78.000 78.000 79.000 79.000 79.000 62.000 65.000 65.000 64.000 81.000 76.000 74.000 75.000 72.000 72.000 83.000 83.000 81.000 81.000 74.000 74.000 70.000 70.000 73.000 73.000 80.000 65.000 67.000 67.000 74.000 73.000 73.000 77.000 75.000 84.000 78.000 82.000 78.000 78.000 81.000 83.000 83.000 55.000 51.000 55.000 0.000 0.000 77.000 77.000 47.000
VBdist TRDV3*01 66.000 66.000 67.000 78.000 70.000 70.000 65.000 65.000 68.000 65.000 69.000 74.000 74.000 74.000 74.000 70.000 74.000 66.000 78.000 78.000 64.000 70.000 70.000 73.000 68.000 68.000 68.000 64.000 71.000 71.000 71.000 71.000 71.000 69.000 69.000 68.000 68.000 68.000 59.000 68.000 68.000 60.000 73.000 69.000 76.000 70.000 65.000 65.000 65.000 65.000 75.000 75.000 70.000 70.000 68.000 68.000 69.000 69.000 71.000 66.000 67.000 67.000 71.000 69.000 69.000 70.000 76.000 83.000 70.000 70.000 72.000 77.000 76.000 61.000 65.000 70.000 69.000 69.000 77.000 77.000 0.000 0.000 73.000
VBdist TRDV3*02 66.000 66.000 67.000 78.000 70.000 70.000 65.000 65.000 68.000 65.000 69.000 74.000 74.000 74.000 74.000 70.000 74.000 66.000 78.000 78.000 64.000 70.000 70.000 73.000 68.000 68.000 68.000 64.000 71.000 71.000 71.000 71.000 71.000 69.000 69.000 68.000 68.000 68.000 59.000 68.000 68.000 60.000 73.000 69.000 76.000 70.000 65.000 65.000 65.000 65.000 75.000 75.000 70.000 70.000 68.000 68.000 69.000 69.000 71.000 66.000 67.000 67.000 71.000 69.000 69.000 70.000 76.000 83.000 70.000 70.000 72.000 77.000 76.000 61.000 65.000 70.000 69.000 69.000 77.000 77.000 0.000 0.000 73.000
VBdist TRDV4*01 73.000 73.000 75.000 81.000 70.000 70.000 71.000 71.000 73.000 66.000 76.000 76.000 76.000 76.000 66.000 63.000 81.000 66.000 67.000 67.000 57.000 76.000 76.000 70.000 69.000 70.000 69.000 71.000 70.000 70.000 70.000 77.000 70.000 74.000 74.000 77.000 77.000 77.000 66.000 70.000 70.000 69.000 78.000 74.000 72.000 74.000 74.000 74.000 78.000 78.000 74.000 74.000 77.000 77.000 69.000 69.000 70.000 70.000 77.000 70.000 71.000 71.000 62.000 66.000 66.000 77.000 81.000 73.000 76.000 77.000 71.000 77.000 78.000 80.000 79.000 58.000 58.000 58.000 47.000 47.000 73.000 73.000 0.000
