AAdist A 0.000 4.000 4.000 4.000 4.000 4.000 4.000 4.000 4.000 4.000 4.000 4.000 4.000 4.000 4.000 3.000 4.000 4.000 4.000 4.000
AAdist C 4.000 0.000 4.000 4.000 4.000 4.000 4.000 4.000 4.000 4.000 4.000 4.000 4.000 4.000 4.000 4.000 4.000 4.000 4.000 4.000
AAdist D 4.000 4.000 0.000 2.000 4.000 4.000 4.000 4.000 4.000 4.000 4.000 3.000 4.000 4.000 4.000 4.000 4.000 4.000 4.000 4.000
AAdist E 4.000 4.000 2.000 0.000 4.000 4.000 4.000 4.000 3.000 4.000 4.000 4.000 4.000 2.000 4.000 4.000 4.000 4.000 4.000 4.000
AAdist F 4.000 4.000 4.000 4.000 0.000 4.000 4.000 4.000 4.000 4.000 4.000 4.000 4.000 4.000 4.000 4.000 4.000 4.000 3.000 1.000
AAdist G 4.000 4.000 4.000 4.000 4.000 0.000 4.000 4.000 4.000 4.000 4.000 4.000 4.000 4.000 4.000 4.000 4.000 4.000 4.000 4.000
AAdist H 4.000 4.000 4.000 4.000 4.000 4.000 0.000 4.000 4.000 4.000 4.000 3.000 4.000 4.000 4.000 4.000 4.000 4.000 4.000 2.000
AAdist I 4.000 4.000 4.000 4.000 4.000 4.000 4.000 0.000 4.000 2.000 3.000 4.000 4.000 4.000 4.000 4.000 4.000 1.000 4.000 4.000
AAdist K 4.000 4.000 4.000 3.000 4.000 4.000 4.000 4.000 0.000 4.000 4.000 4.000 4.000 3.000 2.000 4.000 4.000 4.000 4.000 4.000
AAdist L 4.000 4.000 4.000 4.000 4.000 4.000 4.000 2.000 4.000 0.000 2.000 4.000 4.000 4.000 4.000 4.000 4.000 3.000 4.000 4.000
AAdist M 4.000 4.000 4.000 4.000 4.000 4.000 4.000 3.000 4.000 2.000 0.000 4.000 4.000 4.000 4.000 4.000 4.000 3.000 4.000 4.000
AAdist N 4.000 4.000 3.000 4.000 4.000 4.000 3.000 4.000 4.000 4.000 4.000 0.000 4.000 4.000 4.000 3.000 4.000 4.000 4.000 4.000
AAdist P 4.000 4.000 4.000 4.000 4.000 4.000 4.000 4.000 4.000 4.000 4.000 4.000 0.000 4.000 4.000 4.000 4.000 4.000 4.000 4.000
AAdist Q 4.000 4.000 4.000 2.000 4.000 4.000 4.000 4.000 3.000 4.000 4.000 4.000 4.000 0.000 3.000 4.000 4.000 4.000 4.000 4.000
AAdist R 4.000 4.000 4.000 4.000 4.000 4.000 4.000 4.000 2.000 4.000 4.000 4.000 4.000 3.000 0.000 4.000 4.000 4.000 4.000 4.000
AAdist S 3.000 4.000 4.000 4.000 4.000 4.000 4.000 4.000 4.000 4.000 4.000 3.000 4.000 4.000 4.000 0.000 3.000 4.000 4.000 4.000
AAdist T 4.000 4.000 4.000 4.000 4.000 4.000 4.000 4.000 4.000 4.000 4.000 4.000 4.000 4.000 4.000 3.000 0.000 4.000 4.000 4.000
AAdist V 4.000 4.000 4.000 4.000 4.000 4.000 4.000 1.000 4.000 3.000 3.000 4.000 4.000 4.000 4.000 4.000 4.000 0.000 4.000 4.000
AAdist W 4.000 4.000 4.000 4.000 3.000 4.000 4.000 4.000 4.000 4.000 4.000 4.000 4.000 4.000 4.000 4.000 4.000 4.000 0.000 2.000
AAdist Y 4.000 4.000 4.000 4.000 1.000 4.000 2.000 4.000 4.000 4.000 4.000 4.000 4.000 4.000 4.000 4.000 4.000 4.000 2.000 0.000
num_VA_genes 8
VAdist TRGV2-1*01 0.000 14.000 17.000 76.000 37.000 76.000 82.000 78.000
VAdist TRGV2-2*01 14.000 0.000 7.000 80.000 29.000 81.000 77.000 79.000
VAdist TRGV2-3*01 17.000 7.000 0.000 79.000 32.000 80.000 80.000 76.000
VAdist TRGV5-1*01 76.000 80.000 79.000 0.000 79.000 69.000 73.000 78.000
VAdist TRGV6-1*01 37.000 29.000 32.000 79.000 0.000 78.000 75.000 76.000
VAdist TRGV7-1*01 76.000 81.000 80.000 69.000 78.000 0.000 46.000 40.000
VAdist TRGV7-2*01 82.000 77.000 80.000 73.000 75.000 46.000 0.000 27.000
VAdist TRGV7-3*01 78.000 79.000 76.000 78.000 76.000 40.000 27.000 0.000
num_VB_genes 79
VBdist TRAV12*01 0.000 43.000 51.000 47.000 49.000 47.000 55.000 42.000 49.000 53.000 43.000 63.000 64.000 64.000 62.000 61.000 58.000 60.000 61.000 60.000 63.000 57.000 61.000 53.000 59.000 65.000 70.000 55.000 70.000 56.000 59.000 65.000 66.000 60.000 63.000 49.000 48.000 62.000 66.000 70.000 66.000 57.000 56.000 56.000 53.000 56.000 53.000 51.000 57.000 50.000 56.000 53.000 53.000 55.000 56.000 67.000 46.000 54.000 58.000 57.000 63.000 67.000 63.000 64.000 67.000 69.000 67.000 60.000 63.000 59.000 66.000 59.000 64.000 59.000 67.000 63.000 67.000 71.000 67.000
VBdist TRAV13-1*01 43.000 0.000 28.000 25.000 27.000 22.000 38.000 23.000 31.000 61.000 23.000 77.000 75.000 75.000 64.000 73.000 59.000 58.000 57.000 56.000 69.000 64.000 54.000 58.000 54.000 60.000 70.000 65.000 69.000 53.000 39.000 49.000 70.000 67.000 69.000 60.000 52.000 65.000 72.000 70.000 65.000 56.000 60.000 61.000 52.000 56.000 58.000 58.000 54.000 58.000 52.000 55.000 55.000 59.000 58.000 69.000 34.000 66.000 66.000 65.000 62.000 64.000 62.000 66.000 64.000 65.000 64.000 57.000 62.000 58.000 69.000 60.000 66.000 58.000 64.000 58.000 66.000 80.000 75.000
VBdist TRAV13-11*01 51.000 28.000 0.000 13.000 17.000 12.000 36.000 29.000 24.000 65.000 21.000 72.000 70.000 70.000 60.000 68.000 61.000 57.000 56.000 59.000 66.000 68.000 51.000 58.000 47.000 68.000 68.000 69.000 69.000 58.000 34.000 57.000 72.000 70.000 66.000 61.000 54.000 67.000 71.000 72.000 66.000 64.000 63.000 63.000 62.000 59.000 62.000 63.000 62.000 61.000 58.000 63.000 60.000 62.000 63.000 66.000 42.000 55.000 64.000 59.000 70.000 59.000 66.000 74.000 63.000 70.000 59.000 59.000 66.000 62.000 74.000 62.000 70.000 62.000 63.000 62.000 76.000 73.000 76.000
VBdist TRAV13-12*01 47.000 25.000 13.000 0.000 26.000 21.000 39.000 24.000 21.000 65.000 18.000 74.000 72.000 72.000 62.000 70.000 63.000 54.000 58.000 61.000 72.000 70.000 49.000 62.000 48.000 63.000 69.000 67.000 70.000 57.000 32.000 54.000 77.000 68.000 67.000 63.000 47.000 69.000 73.000 70.000 62.000 64.000 63.000 63.000 60.000 59.000 62.000 63.000 62.000 61.000 58.000 63.000 60.000 62.000 63.000 64.000 37.000 55.000 66.000 65.000 69.000 64.000 69.000 69.000 63.000 69.000 64.000 60.000 69.000 66.000 73.000 65.000 73.000 66.000 64.000 65.000 72.000 75.000 78.000
VBdist TRAV13-13*01 49.000 27.000 17.000 26.000 0.000 12.000 41.000 31.000 29.000 64.000 27.000 68.000 66.000 66.000 60.000 64.000 65.000 61.000 56.000 58.000 69.000 67.000 52.000 57.000 48.000 66.000 64.000 61.000 69.000 60.000 42.000 60.000 71.000 71.000 64.000 57.000 57.000 65.000 70.000 72.000 73.000 66.000 66.000 67.000 64.000 64.000 66.000 66.000 64.000 64.000 62.000 65.000 63.000 65.000 66.000 70.000 42.000 59.000 61.000 62.000 66.000 66.000 66.000 70.000 66.000 71.000 65.000 57.000 66.000 62.000 70.000 62.000 70.000 62.000 66.000 62.000 72.000 73.000 72.000
VBdist TRAV13-2*01 47.000 22.000 12.000 21.000 12.000 0.000 36.000 25.000 27.000 61.000 21.000 71.000 69.000 69.000 56.000 67.000 59.000 57.000 52.000 51.000 66.000 64.000 51.000 54.000 42.000 64.000 64.000 65.000 65.000 54.000 38.000 57.000 66.000 70.000 63.000 58.000 57.000 63.000 70.000 71.000 70.000 60.000 62.000 62.000 58.000 58.000 61.000 62.000 58.000 60.000 54.000 59.000 59.000 61.000 62.000 66.000 34.000 59.000 58.000 59.000 60.000 62.000 62.000 66.000 62.000 69.000 61.000 49.000 62.000 58.000 69.000 58.000 66.000 58.000 62.000 58.000 72.000 77.000 72.000
VBdist TRAV13-3*01 55.000 38.000 36.000 39.000 41.000 36.000 0.000 43.000 38.000 37.000 39.000 79.000 77.000 77.000 68.000 75.000 67.000 59.000 61.000 56.000 71.000 61.000 59.000 64.000 64.000 68.000 74.000 74.000 73.000 64.000 49.000 57.000 76.000 73.000 72.000 68.000 56.000 71.000 78.000 67.000 74.000 64.000 67.000 66.000 64.000 63.000 66.000 68.000 64.000 65.000 60.000 64.000 65.000 67.000 67.000 76.000 48.000 65.000 68.000 67.000 70.000 73.000 70.000 70.000 73.000 73.000 73.000 66.000 70.000 66.000 72.000 66.000 70.000 66.000 73.000 66.000 75.000 75.000 78.000
VBdist TRAV13-4*01 42.000 23.000 29.000 24.000 31.000 25.000 43.000 0.000 32.000 57.000 22.000 77.000 75.000 75.000 66.000 73.000 59.000 59.000 59.000 58.000 69.000 62.000 57.000 54.000 48.000 63.000 70.000 65.000 65.000 53.000 41.000 54.000 73.000 72.000 72.000 60.000 54.000 65.000 72.000 70.000 66.000 60.000 62.000 59.000 56.000 62.000 62.000 54.000 58.000 52.000 58.000 59.000 51.000 57.000 62.000 68.000 37.000 66.000 66.000 65.000 66.000 64.000 66.000 70.000 64.000 69.000 64.000 57.000 66.000 62.000 72.000 62.000 70.000 62.000 64.000 62.000 68.000 80.000 77.000
VBdist TRAV13-5*01 49.000 31.000 24.000 21.000 29.000 27.000 38.000 32.000 0.000 67.000 18.000 70.000 69.000 69.000 64.000 66.000 62.000 59.000 64.000 63.000 75.000 66.000 54.000 63.000 55.000 65.000 72.000 73.000 73.000 58.000 41.000 56.000 76.000 70.000 66.000 62.000 44.000 75.000 80.000 74.000 66.000 63.000 62.000 63.000 61.000 58.000 61.000 65.000 63.000 60.000 59.000 61.000 62.000 64.000 62.000 68.000 43.000 56.000 69.000 68.000 72.000 68.000 72.000 73.000 68.000 73.000 68.000 63.000 72.000 68.000 73.000 68.000 73.000 68.000 68.000 68.000 71.000 79.000 74.000
VBdist TRAV13-6*01 53.000 61.000 65.000 65.000 64.000 61.000 37.000 57.000 67.000 0.000 61.000 83.000 83.000 83.000 76.000 79.000 56.000 72.000 68.000 64.000 76.000 60.000 72.000 60.000 67.000 72.000 76.000 67.000 75.000 64.000 72.000 70.000 80.000 76.000 76.000 70.000 69.000 76.000 79.000 55.000 68.000 64.000 67.000 63.000 64.000 67.000 67.000 63.000 64.000 61.000 64.000 64.000 61.000 63.000 67.000 73.000 57.000 74.000 73.000 72.000 72.000 75.000 72.000 72.000 75.000 75.000 75.000 68.000 72.000 68.000 74.000 68.000 72.000 68.000 75.000 68.000 71.000 59.000 63.000
VBdist TRAV13-8*01 43.000 23.000 21.000 18.000 27.000 21.000 39.000 22.000 18.000 61.000 0.000 70.000 69.000 69.000 62.000 66.000 59.000 50.000 58.000 57.000 65.000 62.000 53.000 58.000 51.000 59.000 68.000 67.000 69.000 52.000 38.000 54.000 67.000 64.000 67.000 62.000 49.000 62.000 69.000 70.000 65.000 57.000 61.000 63.000 50.000 62.000 58.000 62.000 55.000 60.000 58.000 56.000 59.000 61.000 55.000 68.000 37.000 58.000 61.000 61.000 66.000 64.000 62.000 70.000 64.000 65.000 64.000 57.000 66.000 62.000 73.000 62.000 70.000 62.000 60.000 62.000 68.000 76.000 74.000
VBdist TRAV14-1*01 63.000 77.000 72.000 74.000 68.000 71.000 79.000 77.000 70.000 83.000 70.000 0.000 8.000 4.000 44.000 8.000 77.000 70.000 70.000 72.000 45.000 74.000 67.000 74.000 83.000 71.000 71.000 70.000 72.000 75.000 74.000 84.000 53.000 75.000 71.000 72.000 68.000 37.000 41.000 77.000 81.000 70.000 75.000 79.000 67.000 75.000 79.000 76.000 70.000 76.000 74.000 70.000 76.000 76.000 74.000 83.000 75.000 74.000 65.000 65.000 79.000 72.000 76.000 75.000 70.000 73.000 76.000 71.000 80.000 79.000 72.000 79.000 75.000 79.000 72.000 79.000 68.000 72.000 74.000
VBdist TRAV14-2*01 64.000 75.000 70.000 72.000 66.000 69.000 77.000 75.000 69.000 83.000 69.000 8.000 0.000 4.000 48.000 12.000 77.000 72.000 70.000 72.000 47.000 74.000 71.000 74.000 83.000 71.000 71.000 70.000 72.000 75.000 72.000 83.000 54.000 75.000 71.000 72.000 70.000 41.000 45.000 77.000 81.000 70.000 75.000 79.000 67.000 75.000 79.000 76.000 70.000 76.000 74.000 70.000 76.000 76.000 74.000 83.000 74.000 76.000 66.000 65.000 80.000 73.000 77.000 76.000 71.000 77.000 77.000 72.000 81.000 80.000 73.000 80.000 76.000 80.000 73.000 80.000 68.000 72.000 74.000
VBdist TRAV14-3*01 64.000 75.000 70.000 72.000 66.000 69.000 77.000 75.000 69.000 83.000 69.000 4.000 4.000 0.000 48.000 12.000 77.000 72.000 70.000 72.000 47.000 74.000 71.000 74.000 83.000 71.000 71.000 70.000 72.000 75.000 72.000 83.000 54.000 75.000 71.000 72.000 70.000 41.000 45.000 77.000 81.000 70.000 75.000 79.000 67.000 75.000 79.000 76.000 70.000 76.000 74.000 70.000 76.000 76.000 74.000 83.000 74.000 76.000 65.000 65.000 80.000 73.000 77.000 76.000 71.000 77.000 77.000 72.000 81.000 80.000 73.000 80.000 76.000 80.000 73.000 80.000 68.000 72.000 74.000
VBdist TRAV14-6*01 62.000 64.000 60.000 62.000 60.000 56.000 68.000 66.000 64.000 76.000 62.000 44.000 48.000 48.000 0.000 44.000 74.000 67.000 59.000 62.000 61.000 73.000 69.000 73.000 74.000 75.000 68.000 73.000 68.000 70.000 67.000 80.000 69.000 78.000 72.000 71.000 73.000 50.000 56.000 76.000 81.000 72.000 74.000 77.000 70.000 70.000 77.000 73.000 70.000 74.000 66.000 71.000 73.000 69.000 77.000 78.000 60.000 73.000 61.000 59.000 72.000 71.000 72.000 76.000 71.000 72.000 71.000 64.000 73.000 68.000 79.000 68.000 76.000 68.000 71.000 68.000 72.000 73.000 79.000
VBdist TRAV14-8*01 61.000 73.000 68.000 70.000 64.000 67.000 75.000 73.000 66.000 79.000 66.000 8.000 12.000 12.000 44.000 0.000 73.000 70.000 66.000 68.000 44.000 74.000 67.000 74.000 83.000 71.000 75.000 73.000 76.000 75.000 74.000 84.000 53.000 77.000 75.000 72.000 68.000 37.000 42.000 77.000 81.000 70.000 75.000 79.000 67.000 75.000 79.000 76.000 70.000 76.000 74.000 70.000 76.000 76.000 74.000 83.000 71.000 74.000 68.000 64.000 79.000 72.000 76.000 75.000 70.000 73.000 76.000 67.000 80.000 75.000 72.000 75.000 75.000 75.000 72.000 75.000 67.000 72.000 74.000
VBdist TRAV16*01 58.000 59.000 61.000 63.000 65.000 59.000 67.000 59.000 62.000 56.000 59.000 77.000 77.000 77.000 74.000 73.000 0.000 67.000 68.000 57.000 63.000 70.000 73.000 60.000 65.000 64.000 74.000 61.000 71.000 55.000 70.000 72.000 74.000 74.000 75.000 60.000 63.000 67.000 71.000 56.000 58.000 52.000 55.000 55.000 58.000 55.000 55.000 55.000 54.000 57.000 52.000 52.000 57.000 59.000 55.000 61.000 58.000 70.000 61.000 52.000 61.000 53.000 65.000 64.000 57.000 66.000 50.000 48.000 58.000 57.000 64.000 57.000 57.000 57.000 57.000 60.000 64.000 66.000 64.000
VBdist TRAV17*01 60.000 58.000 57.000 54.000 61.000 57.000 59.000 59.000 59.000 72.000 50.000 70.000 72.000 72.000 67.000 70.000 67.000 0.000 61.000 50.000 62.000 56.000 49.000 49.000 65.000 58.000 57.000 67.000 63.000 53.000 52.000 63.000 69.000 53.000 67.000 64.000 49.000 59.000 66.000 64.000 67.000 53.000 53.000 53.000 50.000 55.000 52.000 56.000 50.000 55.000 51.000 52.000 54.000 59.000 49.000 79.000 57.000 50.000 60.000 67.000 56.000 58.000 59.000 63.000 58.000 50.000 58.000 55.000 55.000 56.000 58.000 56.000 60.000 56.000 55.000 62.000 71.000 80.000 77.000
VBdist TRAV18-1*01 61.000 57.000 56.000 58.000 56.000 52.000 61.000 59.000 64.000 68.000 58.000 70.000 70.000 70.000 59.000 66.000 68.000 61.000 0.000 20.000 59.000 66.000 69.000 66.000 64.000 69.000 57.000 64.000 58.000 67.000 54.000 64.000 72.000 73.000 65.000 65.000 60.000 65.000 69.000 67.000 68.000 65.000 64.000 69.000 61.000 64.000 65.000 68.000 61.000 66.000 63.000 64.000 65.000 63.000 64.000 72.000 50.000 66.000 64.000 65.000 62.000 56.000 64.000 68.000 56.000 57.000 60.000 54.000 64.000 60.000 68.000 58.000 68.000 60.000 56.000 59.000 77.000 71.000 77.000
VBdist TRAV18-2*01 60.000 56.000 59.000 61.000 58.000 51.000 56.000 58.000 63.000 64.000 57.000 72.000 72.000 72.000 62.000 68.000 57.000 50.000 20.000 0.000 57.000 66.000 68.000 63.000 66.000 65.000 63.000 67.000 59.000 62.000 57.000 68.000 68.000 75.000 68.000 64.000 62.000 59.000 66.000 65.000 70.000 57.000 59.000 64.000 57.000 59.000 60.000 63.000 53.000 61.000 55.000 56.000 60.000 66.000 59.000 73.000 49.000 61.000 59.000 60.000 56.000 53.000 62.000 65.000 53.000 54.000 57.000 48.000 54.000 55.000 65.000 53.000 62.000 55.000 53.000 57.000 73.000 71.000 72.000
VBdist TRAV19*01 63.000 69.000 66.000 72.000 69.000 66.000 71.000 69.000 75.000 76.000 65.000 45.000 47.000 47.000 61.000 44.000 63.000 62.000 59.000 57.000 0.000 72.000 73.000 74.000 75.000 73.000 76.000 69.000 79.000 73.000 68.000 81.000 56.000 78.000 79.000 73.000 65.000 35.000 42.000 78.000 80.000 65.000 72.000 73.000 67.000 72.000 72.000 73.000 63.000 71.000 69.000 65.000 71.000 77.000 68.000 78.000 63.000 75.000 61.000 52.000 69.000 68.000 66.000 71.000 72.000 75.000 64.000 68.000 65.000 64.000 75.000 64.000 64.000 64.000 72.000 71.000 71.000 72.000 76.000
VBdist TRAV20*01 57.000 64.000 68.000 70.000 67.000 64.000 61.000 62.000 66.000 60.000 62.000 74.000 74.000 74.000 73.000 74.000 70.000 56.000 66.000 66.000 72.000 0.000 65.000 56.000 64.000 55.000 59.000 72.000 58.000 61.000 59.000 67.000 72.000 51.000 58.000 60.000 64.000 71.000 75.000 62.000 63.000 61.000 65.000 60.000 61.000 65.000 63.000 61.000 61.000 61.000 64.000 59.000 63.000 63.000 59.000 79.000 61.000 63.000 71.000 68.000 68.000 67.000 64.000 69.000 67.000 71.000 63.000 64.000 68.000 68.000 71.000 68.000 69.000 68.000 67.000 65.000 74.000 77.000 70.000
VBdist TRAV21*01 61.000 54.000 51.000 49.000 52.000 51.000 59.000 57.000 54.000 72.000 53.000 67.000 71.000 71.000 69.000 67.000 73.000 49.000 69.000 68.000 73.000 65.000 0.000 60.000 59.000 51.000 63.000 73.000 67.000 57.000 59.000 49.000 75.000 49.000 72.000 57.000 45.000 66.000 70.000 69.000 63.000 53.000 54.000 58.000 49.000 56.000 60.000 58.000 49.000 56.000 53.000 52.000 51.000 51.000 55.000 83.000 54.000 51.000 74.000 76.000 58.000 67.000 54.000 60.000 67.000 58.000 66.000 63.000 59.000 58.000 58.000 56.000 60.000 58.000 67.000 61.000 76.000 76.000 69.000
VBdist TRAV22*01 53.000 58.000 58.000 62.000 57.000 54.000 64.000 54.000 63.000 60.000 58.000 74.000 74.000 74.000 73.000 74.000 60.000 49.000 66.000 63.000 74.000 56.000 60.000 0.000 63.000 62.000 66.000 65.000 65.000 31.000 66.000 66.000 74.000 63.000 68.000 47.000 66.000 68.000 76.000 64.000 57.000 38.000 42.000 37.000 36.000 40.000 41.000 35.000 36.000 41.000 34.000 37.000 36.000 36.000 37.000 67.000 56.000 65.000 69.000 68.000 66.000 69.000 65.000 68.000 69.000 64.000 69.000 66.000 66.000 65.000 65.000 68.000 68.000 65.000 69.000 65.000 64.000 74.000 64.000
VBdist TRAV23*01 59.000 54.000 47.000 48.000 48.000 42.000 64.000 48.000 55.000 67.000 51.000 83.000 83.000 83.000 74.000 83.000 65.000 65.000 64.000 66.000 75.000 64.000 59.000 63.000 0.000 57.000 53.000 66.000 57.000 61.000 43.000 64.000 75.000 64.000 65.000 58.000 64.000 74.000 71.000 64.000 66.000 69.000 65.000 62.000 67.000 61.000 64.000 58.000 67.000 62.000 63.000 68.000 61.000 61.000 65.000 65.000 50.000 63.000 67.000 70.000 62.000 60.000 62.000 66.000 60.000 62.000 59.000 62.000 62.000 61.000 62.000 65.000 66.000 61.000 60.000 65.000 77.000 79.000 71.000
VBdist TRAV24*01 65.000 60.000 68.000 63.000 66.000 64.000 68.000 63.000 65.000 72.000 59.000 71.000 71.000 71.000 75.000 71.000 64.000 58.000 69.000 65.000 73.000 55.000 51.000 62.000 57.000 0.000 61.000 74.000 59.000 56.000 57.000 56.000 67.000 53.000 63.000 59.000 54.000 72.000 76.000 59.000 51.000 44.000 47.000 58.000 38.000 51.000 55.000 58.000 46.000 61.000 48.000 44.000 57.000 55.000 46.000 73.000 58.000 62.000 71.000 72.000 61.000 61.000 57.000 61.000 61.000 61.000 62.000 62.000 62.000 64.000 62.000 64.000 61.000 64.000 61.000 64.000 71.000 75.000 69.000
VBdist TRAV25*01 70.000 70.000 68.000 69.000 64.000 64.000 74.000 70.000 72.000 76.000 68.000 71.000 71.000 71.000 68.000 75.000 74.000 57.000 57.000 63.000 76.000 59.000 63.000 66.000 53.000 61.000 0.000 56.000 23.000 57.000 58.000 68.000 75.000 49.000 41.000 65.000 72.000 75.000 74.000 64.000 56.000 61.000 56.000 68.000 57.000 60.000 63.000 64.000 59.000 64.000 59.000 60.000 63.000 63.000 62.000 81.000 67.000 69.000 57.000 70.000 58.000 63.000 60.000 62.000 63.000 63.000 62.000 59.000 55.000 56.000 64.000 58.000 62.000 56.000 62.000 61.000 73.000 78.000 78.000
VBdist TRAV26*01 55.000 65.000 69.000 67.000 61.000 65.000 74.000 65.000 73.000 67.000 67.000 70.000 70.000 70.000 73.000 73.000 61.000 67.000 64.000 67.000 69.000 72.000 73.000 65.000 66.000 74.000 56.000 0.000 65.000 69.000 65.000 67.000 65.000 71.000 66.000 64.000 71.000 53.000 52.000 66.000 70.000 67.000 66.000 67.000 69.000 66.000 66.000 64.000 65.000 65.000 65.000 66.000 64.000 69.000 66.000 57.000 64.000 72.000 69.000 74.000 62.000 62.000 68.000 69.000 62.000 64.000 65.000 57.000 62.000 63.000 60.000 61.000 66.000 63.000 62.000 66.000 61.000 63.000 71.000
VBdist TRAV27*01 70.000 69.000 69.000 70.000 69.000 65.000 73.000 65.000 73.000 75.000 69.000 72.000 72.000 72.000 68.000 76.000 71.000 63.000 58.000 59.000 79.000 58.000 67.000 65.000 57.000 59.000 23.000 65.000 0.000 61.000 66.000 68.000 74.000 50.000 39.000 63.000 72.000 75.000 71.000 55.000 55.000 56.000 52.000 60.000 54.000 52.000 57.000 57.000 54.000 56.000 54.000 55.000 55.000 55.000 55.000 79.000 70.000 70.000 67.000 69.000 56.000 51.000 63.000 61.000 51.000 52.000 55.000 57.000 62.000 59.000 60.000 61.000 61.000 59.000 51.000 64.000 68.000 78.000 74.000
VBdist TRAV28*01 56.000 53.000 58.000 57.000 60.000 54.000 64.000 53.000 58.000 64.000 52.000 75.000 75.000 75.000 70.000 75.000 55.000 53.000 67.000 62.000 73.000 61.000 57.000 31.000 61.000 56.000 57.000 69.000 61.000 0.000 59.000 62.000 77.000 61.000 66.000 41.000 62.000 71.000 79.000 60.000 38.000 27.000 33.000 35.000 29.000 29.000 36.000 27.000 25.000 33.000 23.000 26.000 28.000 29.000 35.000 57.000 55.000 66.000 67.000 67.000 63.000 66.000 64.000 66.000 66.000 64.000 67.000 64.000 60.000 63.000 68.000 65.000 65.000 63.000 65.000 60.000 67.000 72.000 65.000
VBdist TRAV29*01 59.000 39.000 34.000 32.000 42.000 38.000 49.000 41.000 41.000 72.000 38.000 74.000 72.000 72.000 67.000 74.000 70.000 52.000 54.000 57.000 68.000 59.000 59.000 66.000 43.000 57.000 58.000 65.000 66.000 59.000 0.000 54.000 72.000 68.000 68.000 61.000 53.000 67.000 71.000 66.000 62.000 63.000 58.000 63.000 57.000 58.000 60.000 63.000 61.000 63.000 57.000 62.000 62.000 62.000 61.000 67.000 42.000 56.000 62.000 67.000 61.000 54.000 61.000 65.000 54.000 59.000 54.000 57.000 61.000 64.000 65.000 64.000 65.000 64.000 53.000 64.000 74.000 75.000 75.000
VBdist TRAV32*01 65.000 49.000 57.000 54.000 60.000 57.000 57.000 54.000 56.000 70.000 54.000 84.000 83.000 83.000 80.000 84.000 72.000 63.000 64.000 68.000 81.000 67.000 49.000 66.000 64.000 56.000 68.000 67.000 68.000 62.000 54.000 0.000 76.000 61.000 69.000 67.000 49.000 77.000 77.000 72.000 63.000 60.000 61.000 60.000 58.000 59.000 59.000 57.000 58.000 57.000 58.000 59.000 50.000 58.000 59.000 75.000 49.000 64.000 77.000 77.000 62.000 63.000 61.000 66.000 63.000 61.000 63.000 63.000 62.000 62.000 64.000 64.000 66.000 62.000 63.000 61.000 77.000 83.000 73.000
VBdist TRAV33*01 66.000 70.000 72.000 77.000 71.000 66.000 76.000 73.000 76.000 80.000 67.000 53.000 54.000 54.000 69.000 53.000 74.000 69.000 72.000 68.000 56.000 72.000 75.000 74.000 75.000 67.000 75.000 65.000 74.000 77.000 72.000 76.000 0.000 77.000 75.000 75.000 75.000 48.000 51.000 67.000 84.000 74.000 80.000 83.000 69.000 80.000 81.000 80.000 72.000 81.000 76.000 73.000 80.000 80.000 77.000 74.000 71.000 71.000 78.000 79.000 63.000 59.000 61.000 71.000 63.000 67.000 67.000 56.000 67.000 68.000 67.000 67.000 71.000 68.000 59.000 68.000 64.000 71.000 67.000
VBdist TRAV34*01 60.000 67.000 70.000 68.000 71.000 70.000 73.000 72.000 70.000 76.000 64.000 75.000 75.000 75.000 78.000 77.000 74.000 53.000 73.000 75.000 78.000 51.000 49.000 63.000 64.000 53.000 49.000 71.000 50.000 61.000 68.000 61.000 77.000 0.000 52.000 62.000 58.000 77.000 74.000 67.000 56.000 59.000 60.000 65.000 56.000 59.000 55.000 61.000 59.000 61.000 62.000 55.000 62.000 63.000 52.000 81.000 65.000 53.000 75.000 78.000 53.000 66.000 56.000 54.000 62.000 55.000 66.000 66.000 57.000 60.000 60.000 59.000 54.000 60.000 62.000 63.000 74.000 79.000 70.000
VBdist TRAV35*01 63.000 69.000 66.000 67.000 64.000 63.000 72.000 72.000 66.000 76.000 67.000 71.000 71.000 71.000 72.000 75.000 75.000 67.000 65.000 68.000 79.000 58.000 72.000 68.000 65.000 63.000 41.000 66.000 39.000 66.000 68.000 69.000 75.000 52.000 0.000 68.000 72.000 80.000 79.000 67.000 61.000 64.000 64.000 65.000 64.000 63.000 58.000 66.000 64.000 68.000 63.000 64.000 68.000 68.000 65.000 78.000 74.000 68.000 69.000 73.000 62.000 64.000 65.000 63.000 68.000 65.000 68.000 63.000 63.000 65.000 65.000 59.000 63.000 65.000 64.000 66.000 67.000 77.000 65.000
VBdist TRAV36*01 49.000 60.000 61.000 63.000 57.000 58.000 68.000 60.000 62.000 70.000 62.000 72.000 72.000 72.000 71.000 72.000 60.000 64.000 65.000 64.000 73.000 60.000 57.000 47.000 58.000 59.000 65.000 64.000 63.000 41.000 61.000 67.000 75.000 62.000 68.000 0.000 63.000 73.000 75.000 64.000 54.000 48.000 47.000 49.000 50.000 45.000 49.000 44.000 50.000 47.000 48.000 48.000 45.000 46.000 48.000 62.000 57.000 58.000 65.000 66.000 61.000 63.000 60.000 61.000 63.000 59.000 60.000 67.000 62.000 64.000 54.000 66.000 61.000 64.000 63.000 65.000 70.000 74.000 63.000
VBdist TRAV37*01 48.000 52.000 54.000 47.000 57.000 57.000 56.000 54.000 44.000 69.000 49.000 68.000 70.000 70.000 73.000 68.000 63.000 49.000 60.000 62.000 65.000 64.000 45.000 66.000 64.000 54.000 72.000 71.000 72.000 62.000 53.000 49.000 75.000 58.000 72.000 63.000 0.000 67.000 72.000 71.000 61.000 63.000 57.000 63.000 56.000 60.000 60.000 61.000 60.000 55.000 62.000 59.000 57.000 58.000 60.000 69.000 47.000 51.000 70.000 68.000 68.000 63.000 68.000 69.000 63.000 68.000 63.000 62.000 68.000 69.000 69.000 69.000 69.000 69.000 63.000 68.000 75.000 81.000 72.000
VBdist TRAV38-1*01 62.000 65.000 67.000 69.000 65.000 63.000 71.000 65.000 75.000 76.000 62.000 37.000 41.000 41.000 50.000 37.000 67.000 59.000 65.000 59.000 35.000 71.000 66.000 68.000 74.000 72.000 75.000 53.000 75.000 71.000 67.000 77.000 48.000 77.000 80.000 73.000 67.000 0.000 10.000 74.000 81.000 65.000 71.000 73.000 69.000 71.000 71.000 71.000 65.000 74.000 67.000 64.000 73.000 75.000 67.000 74.000 63.000 77.000 60.000 57.000 70.000 65.000 71.000 77.000 65.000 66.000 69.000 61.000 70.000 69.000 73.000 69.000 74.000 69.000 65.000 72.000 64.000 63.000 77.000
VBdist TRAV38-2*01 66.000 72.000 71.000 73.000 70.000 70.000 78.000 72.000 80.000 79.000 69.000 41.000 45.000 45.000 56.000 42.000 71.000 66.000 69.000 66.000 42.000 75.000 70.000 76.000 71.000 76.000 74.000 52.000 71.000 79.000 71.000 77.000 51.000 74.000 79.000 75.000 72.000 10.000 0.000 71.000 82.000 73.000 73.000 75.000 76.000 73.000 73.000 73.000 72.000 75.000 75.000 72.000 74.000 77.000 69.000 74.000 70.000 77.000 64.000 65.000 73.000 62.000 74.000 80.000 62.000 63.000 66.000 64.000 73.000 72.000 70.000 72.000 77.000 72.000 62.000 75.000 67.000 66.000 78.000
VBdist TRAV40*01 70.000 70.000 72.000 70.000 72.000 71.000 67.000 70.000 74.000 55.000 70.000 77.000 77.000 77.000 76.000 77.000 56.000 64.000 67.000 65.000 78.000 62.000 69.000 64.000 64.000 59.000 64.000 66.000 55.000 60.000 66.000 72.000 67.000 67.000 67.000 64.000 71.000 74.000 71.000 0.000 66.000 61.000 53.000 63.000 56.000 57.000 58.000 60.000 59.000 61.000 59.000 60.000 60.000 61.000 54.000 70.000 68.000 70.000 70.000 70.000 60.000 52.000 61.000 64.000 52.000 53.000 57.000 60.000 64.000 64.000 57.000 64.000 64.000 64.000 52.000 66.000 65.000 71.000 62.000
VBdist TRAV41*01 66.000 65.000 66.000 62.000 73.000 70.000 74.000 66.000 66.000 68.000 65.000 81.000 81.000 81.000 81.000 81.000 58.000 67.000 68.000 70.000 80.000 63.000 63.000 57.000 66.000 51.000 56.000 70.000 55.000 38.000 62.000 63.000 84.000 56.000 61.000 54.000 61.000 81.000 82.000 66.000 0.000 43.000 42.000 45.000 42.000 43.000 44.000 49.000 45.000 50.000 43.000 43.000 45.000 44.000 43.000 60.000 65.000 73.000 75.000 75.000 66.000 62.000 69.000 66.000 58.000 64.000 66.000 66.000 66.000 69.000 69.000 71.000 66.000 69.000 61.000 65.000 71.000 65.000 63.000
VBdist TRAV43-1*01 57.000 56.000 64.000 64.000 66.000 60.000 64.000 60.000 63.000 64.000 57.000 70.000 70.000 70.000 72.000 70.000 52.000 53.000 65.000 57.000 65.000 61.000 53.000 38.000 69.000 44.000 61.000 67.000 56.000 27.000 63.000 60.000 74.000 59.000 64.000 48.000 63.000 65.000 73.000 61.000 43.000 0.000 21.000 20.000 18.000 11.000 23.000 28.000 6.000 27.000 8.000 4.000 21.000 25.000 18.000 62.000 58.000 66.000 62.000 63.000 61.000 64.000 61.000 64.000 64.000 62.000 65.000 62.000 62.000 60.000 63.000 63.000 61.000 60.000 64.000 64.000 67.000 68.000 63.000
VBdist TRAV43-10*01 56.000 60.000 63.000 63.000 66.000 62.000 67.000 62.000 62.000 67.000 61.000 75.000 75.000 75.000 74.000 75.000 55.000 53.000 64.000 59.000 72.000 65.000 54.000 42.000 65.000 47.000 56.000 66.000 52.000 33.000 58.000 61.000 80.000 60.000 64.000 47.000 57.000 71.000 73.000 53.000 42.000 21.000 0.000 23.000 20.000 14.000 17.000 26.000 22.000 22.000 20.000 17.000 23.000 19.000 12.000 63.000 62.000 62.000 61.000 66.000 65.000 60.000 68.000 69.000 60.000 59.000 61.000 64.000 66.000 64.000 62.000 63.000 66.000 64.000 59.000 68.000 69.000 72.000 66.000
VBdist TRAV43-11*01 56.000 61.000 63.000 63.000 67.000 62.000 66.000 59.000 63.000 63.000 63.000 79.000 79.000 79.000 77.000 79.000 55.000 53.000 69.000 64.000 73.000 60.000 58.000 37.000 62.000 58.000 68.000 67.000 60.000 35.000 63.000 60.000 83.000 65.000 65.000 49.000 63.000 73.000 75.000 63.000 45.000 20.000 23.000 0.000 34.000 20.000 22.000 22.000 26.000 19.000 23.000 24.000 17.000 15.000 22.000 62.000 58.000 66.000 68.000 66.000 68.000 63.000 71.000 71.000 63.000 63.000 60.000 67.000 68.000 67.000 63.000 66.000 68.000 67.000 63.000 70.000 68.000 72.000 66.000
VBdist TRAV43-12*01 53.000 52.000 62.000 60.000 64.000 58.000 64.000 56.000 61.000 64.000 50.000 67.000 67.000 67.000 70.000 67.000 58.000 50.000 61.000 57.000 67.000 61.000 49.000 36.000 67.000 38.000 57.000 69.000 54.000 29.000 57.000 58.000 69.000 56.000 64.000 50.000 56.000 69.000 76.000 56.000 42.000 18.000 20.000 34.000 0.000 24.000 25.000 30.000 12.000 32.000 18.000 17.000 23.000 27.000 16.000 66.000 52.000 65.000 65.000 69.000 63.000 66.000 59.000 65.000 66.000 61.000 67.000 64.000 64.000 62.000 67.000 65.000 65.000 62.000 63.000 63.000 66.000 70.000 63.000
VBdist TRAV43-13*01 56.000 56.000 59.000 59.000 64.000 58.000 63.000 62.000 58.000 67.000 62.000 75.000 75.000 75.000 70.000 75.000 55.000 55.000 64.000 59.000 72.000 65.000 56.000 40.000 61.000 51.000 60.000 66.000 52.000 29.000 58.000 59.000 80.000 59.000 63.000 45.000 60.000 71.000 73.000 57.000 43.000 11.000 14.000 20.000 24.000 0.000 15.000 24.000 12.000 20.000 6.000 7.000 17.000 21.000 15.000 58.000 56.000 62.000 65.000 66.000 63.000 60.000 66.000 67.000 60.000 58.000 61.000 64.000 64.000 62.000 60.000 65.000 64.000 62.000 60.000 66.000 71.000 72.000 68.000
VBdist TRAV43-14*01 53.000 58.000 62.000 62.000 66.000 61.000 66.000 62.000 61.000 67.000 58.000 79.000 79.000 79.000 77.000 79.000 55.000 52.000 65.000 60.000 72.000 63.000 60.000 41.000 64.000 55.000 63.000 66.000 57.000 36.000 60.000 59.000 81.000 55.000 58.000 49.000 60.000 71.000 73.000 58.000 44.000 23.000 17.000 22.000 25.000 15.000 0.000 24.000 24.000 28.000 21.000 19.000 25.000 29.000 12.000 62.000 59.000 62.000 63.000 62.000 64.000 62.000 67.000 68.000 62.000 56.000 62.000 65.000 64.000 63.000 61.000 66.000 65.000 63.000 58.000 67.000 71.000 72.000 64.000
VBdist TRAV43-2*01 51.000 58.000 63.000 63.000 66.000 62.000 68.000 54.000 65.000 63.000 62.000 76.000 76.000 76.000 73.000 76.000 55.000 56.000 68.000 63.000 73.000 61.000 58.000 35.000 58.000 58.000 64.000 64.000 57.000 27.000 63.000 57.000 80.000 61.000 66.000 44.000 61.000 71.000 73.000 60.000 49.000 28.000 26.000 22.000 30.000 24.000 24.000 0.000 26.000 18.000 24.000 27.000 13.000 19.000 27.000 63.000 55.000 66.000 69.000 62.000 63.000 61.000 67.000 68.000 61.000 60.000 61.000 64.000 64.000 63.000 61.000 65.000 65.000 63.000 61.000 66.000 72.000 73.000 65.000
VBdist TRAV43-3*01 57.000 54.000 62.000 62.000 64.000 58.000 64.000 58.000 63.000 64.000 55.000 70.000 70.000 70.000 70.000 70.000 54.000 50.000 61.000 53.000 63.000 61.000 49.000 36.000 67.000 46.000 59.000 65.000 54.000 25.000 61.000 58.000 72.000 59.000 64.000 50.000 60.000 65.000 72.000 59.000 45.000 6.000 22.000 26.000 12.000 12.000 24.000 26.000 0.000 24.000 6.000 5.000 15.000 23.000 19.000 62.000 54.000 65.000 63.000 65.000 59.000 62.000 59.000 64.000 62.000 60.000 63.000 60.000 60.000 58.000 63.000 61.000 61.000 58.000 62.000 62.000 68.000 70.000 63.000
VBdist TRAV43-4*01 50.000 58.000 61.000 61.000 64.000 60.000 65.000 52.000 60.000 61.000 60.000 76.000 76.000 76.000 74.000 76.000 57.000 55.000 66.000 61.000 71.000 61.000 56.000 41.000 62.000 61.000 64.000 65.000 56.000 33.000 63.000 57.000 81.000 61.000 68.000 47.000 55.000 74.000 75.000 61.000 50.000 27.000 22.000 19.000 32.000 20.000 28.000 18.000 24.000 0.000 26.000 23.000 9.000 19.000 27.000 63.000 54.000 62.000 70.000 68.000 66.000 61.000 70.000 70.000 61.000 62.000 62.000 65.000 67.000 66.000 63.000 64.000 67.000 66.000 61.000 69.000 70.000 74.000 67.000
VBdist TRAV43-5*01 56.000 52.000 58.000 58.000 62.000 54.000 60.000 58.000 59.000 64.000 58.000 74.000 74.000 74.000 66.000 74.000 52.000 51.000 63.000 55.000 69.000 64.000 53.000 34.000 63.000 48.000 59.000 65.000 54.000 23.000 57.000 58.000 76.000 62.000 63.000 48.000 62.000 67.000 75.000 59.000 43.000 8.000 20.000 23.000 18.000 6.000 21.000 24.000 6.000 26.000 0.000 7.000 17.000 21.000 21.000 58.000 52.000 65.000 62.000 63.000 59.000 62.000 62.000 64.000 62.000 60.000 63.000 60.000 60.000 58.000 63.000 61.000 61.000 58.000 62.000 62.000 68.000 72.000 67.000
VBdist TRAV43-6*01 53.000 55.000 63.000 63.000 65.000 59.000 64.000 59.000 61.000 64.000 56.000 70.000 70.000 70.000 71.000 70.000 52.000 52.000 64.000 56.000 65.000 59.000 52.000 37.000 68.000 44.000 60.000 66.000 55.000 26.000 62.000 59.000 73.000 55.000 64.000 48.000 59.000 64.000 72.000 60.000 43.000 4.000 17.000 24.000 17.000 7.000 19.000 27.000 5.000 23.000 7.000 0.000 20.000 24.000 14.000 62.000 57.000 62.000 62.000 63.000 60.000 63.000 60.000 64.000 63.000 61.000 64.000 61.000 61.000 59.000 63.000 62.000 61.000 59.000 63.000 63.000 68.000 68.000 63.000
VBdist TRAV43-7*01 53.000 55.000 60.000 60.000 63.000 59.000 65.000 51.000 62.000 61.000 59.000 76.000 76.000 76.000 73.000 76.000 57.000 54.000 65.000 60.000 71.000 63.000 51.000 36.000 61.000 57.000 63.000 64.000 55.000 28.000 62.000 50.000 80.000 62.000 68.000 45.000 57.000 73.000 74.000 60.000 45.000 21.000 23.000 17.000 23.000 17.000 25.000 13.000 15.000 9.000 17.000 20.000 0.000 14.000 24.000 62.000 51.000 65.000 70.000 68.000 63.000 60.000 66.000 68.000 60.000 58.000 61.000 64.000 64.000 62.000 60.000 65.000 65.000 62.000 60.000 65.000 72.000 74.000 68.000
VBdist TRAV43-8*01 55.000 59.000 62.000 62.000 65.000 61.000 67.000 57.000 64.000 63.000 61.000 76.000 76.000 76.000 69.000 76.000 59.000 59.000 63.000 66.000 77.000 63.000 51.000 36.000 61.000 55.000 63.000 69.000 55.000 29.000 62.000 58.000 80.000 63.000 68.000 46.000 58.000 75.000 77.000 61.000 44.000 25.000 19.000 15.000 27.000 21.000 29.000 19.000 23.000 19.000 21.000 24.000 14.000 0.000 28.000 67.000 57.000 65.000 73.000 70.000 69.000 64.000 68.000 71.000 64.000 64.000 65.000 68.000 70.000 68.000 66.000 67.000 71.000 68.000 64.000 68.000 70.000 72.000 66.000
VBdist TRAV43-9*01 56.000 58.000 63.000 63.000 66.000 62.000 67.000 62.000 62.000 67.000 55.000 74.000 74.000 74.000 77.000 74.000 55.000 49.000 64.000 59.000 68.000 59.000 55.000 37.000 65.000 46.000 62.000 66.000 55.000 35.000 61.000 59.000 77.000 52.000 65.000 48.000 60.000 67.000 69.000 54.000 43.000 18.000 12.000 22.000 16.000 15.000 12.000 27.000 19.000 27.000 21.000 14.000 24.000 28.000 0.000 62.000 60.000 62.000 64.000 66.000 64.000 61.000 64.000 68.000 61.000 55.000 58.000 65.000 64.000 63.000 61.000 66.000 65.000 63.000 57.000 67.000 70.000 68.000 64.000
VBdist TRAV46*01 67.000 69.000 66.000 64.000 70.000 66.000 76.000 68.000 68.000 73.000 68.000 83.000 83.000 83.000 78.000 83.000 61.000 79.000 72.000 73.000 78.000 79.000 83.000 67.000 65.000 73.000 81.000 57.000 79.000 57.000 67.000 75.000 74.000 81.000 78.000 62.000 69.000 74.000 74.000 70.000 60.000 62.000 63.000 62.000 66.000 58.000 62.000 63.000 62.000 63.000 58.000 62.000 62.000 67.000 62.000 0.000 65.000 71.000 77.000 74.000 73.000 63.000 77.000 75.000 63.000 69.000 67.000 71.000 73.000 77.000 72.000 78.000 72.000 77.000 63.000 76.000 74.000 65.000 67.000
VBdist TRAV5*01 46.000 34.000 42.000 37.000 42.000 34.000 48.000 37.000 43.000 57.000 37.000 75.000 74.000 74.000 60.000 71.000 58.000 57.000 50.000 49.000 63.000 61.000 54.000 56.000 50.000 58.000 67.000 64.000 70.000 55.000 42.000 49.000 71.000 65.000 74.000 57.000 47.000 63.000 70.000 68.000 65.000 58.000 62.000 58.000 52.000 56.000 59.000 55.000 54.000 54.000 52.000 57.000 51.000 57.000 60.000 65.000 0.000 63.000 61.000 60.000 54.000 58.000 54.000 58.000 58.000 60.000 57.000 47.000 54.000 51.000 60.000 52.000 58.000 51.000 58.000 50.000 66.000 78.000 77.000
VBdist TRAV6*01 54.000 66.000 55.000 55.000 59.000 59.000 65.000 66.000 56.000 74.000 58.000 74.000 76.000 76.000 73.000 74.000 70.000 50.000 66.000 61.000 75.000 63.000 51.000 65.000 63.000 62.000 69.000 72.000 70.000 66.000 56.000 64.000 71.000 53.000 68.000 58.000 51.000 77.000 77.000 70.000 73.000 66.000 62.000 66.000 65.000 62.000 62.000 66.000 65.000 62.000 65.000 62.000 65.000 65.000 62.000 71.000 63.000 0.000 71.000 72.000 67.000 67.000 68.000 68.000 67.000 67.000 67.000 67.000 63.000 68.000 65.000 66.000 68.000 68.000 67.000 71.000 78.000 79.000 72.000
VBdist TRAV8-1*01 58.000 66.000 64.000 66.000 61.000 58.000 68.000 66.000 69.000 73.000 61.000 65.000 66.000 65.000 61.000 68.000 61.000 60.000 64.000 59.000 61.000 71.000 74.000 69.000 67.000 71.000 57.000 69.000 67.000 67.000 62.000 77.000 78.000 75.000 69.000 65.000 70.000 60.000 64.000 70.000 75.000 62.000 61.000 68.000 65.000 65.000 63.000 69.000 63.000 70.000 62.000 62.000 70.000 73.000 64.000 77.000 61.000 71.000 0.000 29.000 69.000 70.000 73.000 72.000 70.000 73.000 67.000 65.000 68.000 65.000 72.000 69.000 69.000 65.000 69.000 73.000 70.000 82.000 79.000
VBdist TRAV8-2*01 57.000 65.000 59.000 65.000 62.000 59.000 67.000 65.000 68.000 72.000 61.000 65.000 65.000 65.000 59.000 64.000 52.000 67.000 65.000 60.000 52.000 68.000 76.000 68.000 70.000 72.000 70.000 74.000 69.000 67.000 67.000 77.000 79.000 78.000 73.000 66.000 68.000 57.000 65.000 70.000 75.000 63.000 66.000 66.000 69.000 66.000 62.000 62.000 65.000 68.000 63.000 63.000 68.000 70.000 66.000 74.000 60.000 72.000 29.000 0.000 68.000 63.000 72.000 70.000 67.000 71.000 63.000 63.000 68.000 63.000 70.000 67.000 63.000 63.000 67.000 70.000 67.000 81.000 75.000
VBdist TRAV9-10*01 63.000 62.000 70.000 69.000 66.000 60.000 70.000 66.000 72.000 72.000 66.000 79.000 80.000 80.000 72.000 79.000 61.000 56.000 62.000 56.000 69.000 68.000 58.000 66.000 62.000 61.000 58.000 62.000 56.000 63.000 61.000 62.000 63.000 53.000 62.000 61.000 68.000 70.000 73.000 60.000 66.000 61.000 65.000 68.000 63.000 63.000 64.000 63.000 59.000 66.000 59.000 60.000 63.000 69.000 64.000 73.000 54.000 67.000 69.000 68.000 0.000 32.000 22.000 11.000 28.000 32.000 27.000 25.000 12.000 26.000 25.000 18.000 8.000 26.000 32.000 33.000 65.000 84.000 72.000
VBdist TRAV9-11*01 67.000 64.000 59.000 64.000 66.000 62.000 73.000 64.000 68.000 75.000 64.000 72.000 73.000 73.000 71.000 72.000 53.000 58.000 56.000 53.000 68.000 67.000 67.000 69.000 60.000 61.000 63.000 62.000 51.000 66.000 54.000 63.000 59.000 66.000 64.000 63.000 63.000 65.000 62.000 52.000 62.000 64.000 60.000 63.000 66.000 60.000 62.000 61.000 62.000 61.000 62.000 63.000 60.000 64.000 61.000 63.000 58.000 67.000 70.000 63.000 32.000 0.000 30.000 39.000 8.000 22.000 12.000 15.000 32.000 34.000 23.000 32.000 32.000 34.000 4.000 33.000 66.000 75.000 76.000
VBdist TRAV9-12*01 63.000 62.000 66.000 69.000 66.000 62.000 70.000 66.000 72.000 72.000 62.000 76.000 77.000 77.000 72.000 76.000 65.000 59.000 64.000 62.000 66.000 64.000 54.000 65.000 62.000 57.000 60.000 68.000 63.000 64.000 61.000 61.000 61.000 56.000 65.000 60.000 68.000 71.000 74.000 61.000 69.000 61.000 68.000 71.000 59.000 66.000 67.000 67.000 59.000 70.000 62.000 60.000 66.000 68.000 64.000 77.000 54.000 68.000 73.000 72.000 22.000 30.000 0.000 26.000 38.000 30.000 29.000 31.000 18.000 16.000 23.000 20.000 22.000 16.000 34.000 20.000 71.000 81.000 66.000
VBdist TRAV9-13*01 64.000 66.000 74.000 69.000 70.000 66.000 70.000 70.000 73.000 72.000 70.000 75.000 76.000 76.000 76.000 75.000 64.000 63.000 68.000 65.000 71.000 69.000 60.000 68.000 66.000 61.000 62.000 69.000 61.000 66.000 65.000 66.000 71.000 54.000 63.000 61.000 69.000 77.000 80.000 64.000 66.000 64.000 69.000 71.000 65.000 67.000 68.000 68.000 64.000 70.000 64.000 64.000 68.000 71.000 68.000 75.000 58.000 68.000 72.000 70.000 11.000 39.000 26.000 0.000 34.000 39.000 34.000 36.000 19.000 33.000 24.000 25.000 7.000 33.000 39.000 38.000 65.000 84.000 73.000
VBdist TRAV9-15*01 67.000 64.000 63.000 63.000 66.000 62.000 73.000 64.000 68.000 75.000 64.000 70.000 71.000 71.000 71.000 70.000 57.000 58.000 56.000 53.000 72.000 67.000 67.000 69.000 60.000 61.000 63.000 62.000 51.000 66.000 54.000 63.000 63.000 62.000 68.000 63.000 63.000 65.000 62.000 52.000 58.000 64.000 60.000 63.000 66.000 60.000 62.000 61.000 62.000 61.000 62.000 63.000 60.000 64.000 61.000 63.000 58.000 67.000 70.000 67.000 28.000 8.000 38.000 34.000 0.000 26.000 16.000 19.000 36.000 42.000 27.000 40.000 32.000 42.000 8.000 41.000 64.000 75.000 76.000
VBdist TRAV9-16*01 69.000 65.000 70.000 69.000 71.000 69.000 73.000 69.000 73.000 75.000 65.000 73.000 77.000 77.000 72.000 73.000 66.000 50.000 57.000 54.000 75.000 71.000 58.000 64.000 62.000 61.000 63.000 64.000 52.000 64.000 59.000 61.000 67.000 55.000 65.000 59.000 68.000 66.000 63.000 53.000 64.000 62.000 59.000 63.000 61.000 58.000 56.000 60.000 60.000 62.000 60.000 61.000 58.000 64.000 55.000 69.000 60.000 67.000 73.000 71.000 32.000 22.000 30.000 39.000 26.000 0.000 34.000 32.000 36.000 33.000 19.000 37.000 36.000 33.000 18.000 36.000 66.000 80.000 71.000
VBdist TRAV9-18*01 67.000 64.000 59.000 64.000 65.000 61.000 73.000 64.000 68.000 75.000 64.000 76.000 77.000 77.000 71.000 76.000 50.000 58.000 60.000 57.000 64.000 63.000 66.000 69.000 59.000 62.000 62.000 65.000 55.000 67.000 54.000 63.000 67.000 66.000 68.000 60.000 63.000 69.000 66.000 57.000 66.000 65.000 61.000 60.000 67.000 61.000 62.000 61.000 63.000 62.000 63.000 64.000 61.000 65.000 58.000 67.000 57.000 67.000 67.000 63.000 27.000 12.000 29.000 34.000 16.000 34.000 0.000 22.000 27.000 33.000 30.000 31.000 27.000 33.000 16.000 36.000 69.000 79.000 76.000
VBdist TRAV9-19*01 60.000 57.000 59.000 60.000 57.000 49.000 66.000 57.000 63.000 68.000 57.000 71.000 72.000 72.000 64.000 67.000 48.000 55.000 54.000 48.000 68.000 64.000 63.000 66.000 62.000 62.000 59.000 57.000 57.000 64.000 57.000 63.000 56.000 66.000 63.000 67.000 62.000 61.000 64.000 60.000 66.000 62.000 64.000 67.000 64.000 64.000 65.000 64.000 60.000 65.000 60.000 61.000 64.000 68.000 65.000 71.000 47.000 67.000 65.000 63.000 25.000 15.000 31.000 36.000 19.000 32.000 22.000 0.000 33.000 27.000 26.000 25.000 33.000 27.000 15.000 26.000 62.000 78.000 78.000
VBdist TRAV9-2*01 63.000 62.000 66.000 69.000 66.000 62.000 70.000 66.000 72.000 72.000 66.000 80.000 81.000 81.000 73.000 80.000 58.000 55.000 64.000 54.000 65.000 68.000 59.000 66.000 62.000 62.000 55.000 62.000 62.000 60.000 61.000 62.000 67.000 57.000 63.000 62.000 68.000 70.000 73.000 64.000 66.000 62.000 66.000 68.000 64.000 64.000 64.000 64.000 60.000 67.000 60.000 61.000 64.000 70.000 64.000 73.000 54.000 63.000 68.000 68.000 12.000 32.000 18.000 19.000 36.000 36.000 27.000 33.000 0.000 22.000 29.000 14.000 12.000 22.000 36.000 29.000 69.000 84.000 69.000
VBdist TRAV9-3*01 59.000 58.000 62.000 66.000 62.000 58.000 66.000 62.000 68.000 68.000 62.000 79.000 80.000 80.000 68.000 75.000 57.000 56.000 60.000 55.000 64.000 68.000 58.000 65.000 61.000 64.000 56.000 63.000 59.000 63.000 64.000 62.000 68.000 60.000 65.000 64.000 69.000 69.000 72.000 64.000 69.000 60.000 64.000 67.000 62.000 62.000 63.000 63.000 58.000 66.000 58.000 59.000 62.000 68.000 63.000 77.000 51.000 68.000 65.000 63.000 26.000 34.000 16.000 33.000 42.000 33.000 33.000 27.000 22.000 0.000 27.000 12.000 26.000 0.000 38.000 15.000 70.000 83.000 73.000
VBdist TRAV9-4*01 66.000 69.000 74.000 73.000 70.000 69.000 72.000 72.000 73.000 74.000 73.000 72.000 73.000 73.000 79.000 72.000 64.000 58.000 68.000 65.000 75.000 71.000 58.000 65.000 62.000 62.000 64.000 60.000 60.000 68.000 65.000 64.000 67.000 60.000 65.000 54.000 69.000 73.000 70.000 57.000 69.000 63.000 62.000 63.000 67.000 60.000 61.000 61.000 63.000 63.000 63.000 63.000 60.000 66.000 61.000 72.000 60.000 65.000 72.000 70.000 25.000 23.000 23.000 24.000 27.000 19.000 30.000 26.000 29.000 27.000 0.000 31.000 21.000 27.000 23.000 30.000 66.000 84.000 70.000
VBdist TRAV9-5*01 59.000 60.000 62.000 65.000 62.000 58.000 66.000 62.000 68.000 68.000 62.000 79.000 80.000 80.000 68.000 75.000 57.000 56.000 58.000 53.000 64.000 68.000 56.000 68.000 65.000 64.000 58.000 61.000 61.000 65.000 64.000 64.000 67.000 59.000 59.000 66.000 69.000 69.000 72.000 64.000 71.000 63.000 63.000 66.000 65.000 65.000 66.000 65.000 61.000 64.000 61.000 62.000 65.000 67.000 66.000 78.000 52.000 66.000 69.000 67.000 18.000 32.000 20.000 25.000 40.000 37.000 31.000 25.000 14.000 12.000 31.000 0.000 18.000 12.000 36.000 19.000 66.000 83.000 75.000
VBdist TRAV9-6*01 64.000 66.000 70.000 73.000 70.000 66.000 70.000 70.000 73.000 72.000 70.000 75.000 76.000 76.000 76.000 75.000 57.000 60.000 68.000 62.000 64.000 69.000 60.000 68.000 66.000 61.000 62.000 66.000 61.000 65.000 65.000 66.000 71.000 54.000 63.000 61.000 69.000 74.000 77.000 64.000 66.000 61.000 66.000 68.000 65.000 64.000 65.000 65.000 61.000 67.000 61.000 61.000 65.000 71.000 65.000 72.000 58.000 68.000 69.000 63.000 8.000 32.000 22.000 7.000 32.000 36.000 27.000 33.000 12.000 26.000 21.000 18.000 0.000 26.000 36.000 33.000 65.000 84.000 73.000
VBdist TRAV9-7*01 59.000 58.000 62.000 66.000 62.000 58.000 66.000 62.000 68.000 68.000 62.000 79.000 80.000 80.000 68.000 75.000 57.000 56.000 60.000 55.000 64.000 68.000 58.000 65.000 61.000 64.000 56.000 63.000 59.000 63.000 64.000 62.000 68.000 60.000 65.000 64.000 69.000 69.000 72.000 64.000 69.000 60.000 64.000 67.000 62.000 62.000 63.000 63.000 58.000 66.000 58.000 59.000 62.000 68.000 63.000 77.000 51.000 68.000 65.000 63.000 26.000 34.000 16.000 33.000 42.000 33.000 33.000 27.000 22.000 0.000 27.000 12.000 26.000 0.000 38.000 15.000 70.000 83.000 73.000
VBdist TRAV9-8*01 67.000 64.000 63.000 64.000 66.000 62.000 73.000 64.000 68.000 75.000 60.000 72.000 73.000 73.000 71.000 72.000 57.000 55.000 56.000 53.000 72.000 67.000 67.000 69.000 60.000 61.000 62.000 62.000 51.000 65.000 53.000 63.000 59.000 62.000 64.000 63.000 63.000 65.000 62.000 52.000 61.000 64.000 59.000 63.000 63.000 60.000 58.000 61.000 62.000 61.000 62.000 63.000 60.000 64.000 57.000 63.000 58.000 67.000 69.000 67.000 32.000 4.000 34.000 39.000 8.000 18.000 16.000 15.000 36.000 38.000 23.000 36.000 36.000 38.000 0.000 37.000 66.000 75.000 76.000
VBdist TRAV9-9*01 63.000 58.000 62.000 65.000 62.000 58.000 66.000 62.000 68.000 68.000 62.000 79.000 80.000 80.000 68.000 75.000 60.000 62.000 59.000 57.000 71.000 65.000 61.000 65.000 65.000 64.000 61.000 66.000 64.000 60.000 64.000 61.000 68.000 63.000 66.000 65.000 68.000 72.000 75.000 66.000 65.000 64.000 68.000 70.000 63.000 66.000 67.000 66.000 62.000 69.000 62.000 63.000 65.000 68.000 67.000 76.000 50.000 71.000 73.000 70.000 33.000 33.000 20.000 38.000 41.000 36.000 36.000 26.000 29.000 15.000 30.000 19.000 33.000 15.000 37.000 0.000 70.000 83.000 71.000
VBdist TRDV3*01 67.000 66.000 76.000 72.000 72.000 72.000 75.000 68.000 71.000 71.000 68.000 68.000 68.000 68.000 72.000 67.000 64.000 71.000 77.000 73.000 71.000 74.000 76.000 64.000 77.000 71.000 73.000 61.000 68.000 67.000 74.000 77.000 64.000 74.000 67.000 70.000 75.000 64.000 67.000 65.000 71.000 67.000 69.000 68.000 66.000 71.000 71.000 72.000 68.000 70.000 68.000 68.000 72.000 70.000 70.000 74.000 66.000 78.000 70.000 67.000 65.000 66.000 71.000 65.000 64.000 66.000 69.000 62.000 69.000 70.000 66.000 66.000 65.000 70.000 66.000 70.000 0.000 68.000 66.000
VBdist TRDV4*01 71.000 80.000 73.000 75.000 73.000 77.000 75.000 80.000 79.000 59.000 76.000 72.000 72.000 72.000 73.000 72.000 66.000 80.000 71.000 71.000 72.000 77.000 76.000 74.000 79.000 75.000 78.000 63.000 78.000 72.000 75.000 83.000 71.000 79.000 77.000 74.000 81.000 63.000 66.000 71.000 65.000 68.000 72.000 72.000 70.000 72.000 72.000 73.000 70.000 74.000 72.000 68.000 74.000 72.000 68.000 65.000 78.000 79.000 82.000 81.000 84.000 75.000 81.000 84.000 75.000 80.000 79.000 78.000 84.000 83.000 84.000 83.000 84.000 83.000 75.000 83.000 68.000 0.000 63.000
VBdist TRDV5*01 67.000 75.000 76.000 78.000 72.000 72.000 78.000 77.000 74.000 63.000 74.000 74.000 74.000 74.000 79.000 74.000 64.000 77.000 77.000 72.000 76.000 70.000 69.000 64.000 71.000 69.000 78.000 71.000 74.000 65.000 75.000 73.000 67.000 70.000 65.000 63.000 72.000 77.000 78.000 62.000 63.000 63.000 66.000 66.000 63.000 68.000 64.000 65.000 63.000 67.000 67.000 63.000 68.000 66.000 64.000 67.000 77.000 72.000 79.000 75.000 72.000 76.000 66.000 73.000 76.000 71.000 76.000 78.000 69.000 73.000 70.000 75.000 73.000 73.000 76.000 71.000 66.000 63.000 0.000
