AAdist A 0.000 4.000 4.000 4.000 4.000 4.000 4.000 4.000 4.000 4.000 4.000 4.000 4.000 4.000 4.000 3.000 4.000 4.000 4.000 4.000
AAdist C 4.000 0.000 4.000 4.000 4.000 4.000 4.000 4.000 4.000 4.000 4.000 4.000 4.000 4.000 4.000 4.000 4.000 4.000 4.000 4.000
AAdist D 4.000 4.000 0.000 2.000 4.000 4.000 4.000 4.000 4.000 4.000 4.000 3.000 4.000 4.000 4.000 4.000 4.000 4.000 4.000 4.000
AAdist E 4.000 4.000 2.000 0.000 4.000 4.000 4.000 4.000 3.000 4.000 4.000 4.000 4.000 2.000 4.000 4.000 4.000 4.000 4.000 4.000
AAdist F 4.000 4.000 4.000 4.000 0.000 4.000 4.000 4.000 4.000 4.000 4.000 4.000 4.000 4.000 4.000 4.000 4.000 4.000 3.000 1.000
AAdist G 4.000 4.000 4.000 4.000 4.000 0.000 4.000 4.000 4.000 4.000 4.000 4.000 4.000 4.000 4.000 4.000 4.000 4.000 4.000 4.000
AAdist H 4.000 4.000 4.000 4.000 4.000 4.000 0.000 4.000 4.000 4.000 4.000 3.000 4.000 4.000 4.000 4.000 4.000 4.000 4.000 2.000
AAdist I 4.000 4.000 4.000 4.000 4.000 4.000 4.000 0.000 4.000 2.000 3.000 4.000 4.000 4.000 4.000 4.000 4.000 1.000 4.000 4.000
AAdist K 4.000 4.000 4.000 3.000 4.000 4.000 4.000 4.000 0.000 4.000 4.000 4.000 4.000 3.000 2.000 4.000 4.000 4.000 4.000 4.000
AAdist L 4.000 4.000 4.000 4.000 4.000 4.000 4.000 2.000 4.000 0.000 2.000 4.000 4.000 4.000 4.000 4.000 4.000 3.000 4.000 4.000
AAdist M 4.000 4.000 4.000 4.000 4.000 4.000 4.000 3.000 4.000 2.000 0.000 4.000 4.000 4.000 4.000 4.000 4.000 3.000 4.000 4.000
AAdist N 4.000 4.000 3.000 4.000 4.000 4.000 3.000 4.000 4.000 4.000 4.000 0.000 4.000 4.000 4.000 3.000 4.000 4.000 4.000 4.000
AAdist P 4.000 4.000 4.000 4.000 4.000 4.000 4.000 4.000 4.000 4.000 4.000 4.000 0.000 4.000 4.000 4.000 4.000 4.000 4.000 4.000
AAdist Q 4.000 4.000 4.000 2.000 4.000 4.000 4.000 4.000 3.000 4.000 4.000 4.000 4.000 0.000 3.000 4.000 4.000 4.000 4.000 4.000
AAdist R 4.000 4.000 4.000 4.000 4.000 4.000 4.000 4.000 2.000 4.000 4.000 4.000 4.000 3.000 0.000 4.000 4.000 4.000 4.000 4.000
AAdist S 3.000 4.000 4.000 4.000 4.000 4.000 4.000 4.000 4.000 4.000 4.000 3.000 4.000 4.000 4.000 0.000 3.000 4.000 4.000 4.000
AAdist T 4.000 4.000 4.000 4.000 4.000 4.000 4.000 4.000 4.000 4.000 4.000 4.000 4.000 4.000 4.000 3.000 0.000 4.000 4.000 4.000
AAdist V 4.000 4.000 4.000 4.000 4.000 4.000 4.000 1.000 4.000 3.000 3.000 4.000 4.000 4.000 4.000 4.000 4.000 0.000 4.000 4.000
AAdist W 4.000 4.000 4.000 4.000 3.000 4.000 4.000 4.000 4.000 4.000 4.000 4.000 4.000 4.000 4.000 4.000 4.000 4.000 0.000 2.000
AAdist Y 4.000 4.000 4.000 4.000 1.000 4.000 2.000 4.000 4.000 4.000 4.000 4.000 4.000 4.000 4.000 4.000 4.000 4.000 2.000 0.000
num_VA_genes 63
VAdist IGKV1-10*01 0.000 0.000 36.000 34.000 42.000 34.000 34.000 32.000 15.000 16.000 28.000 27.000 23.000 23.000 46.000 47.000 47.000 43.000 53.000 40.000 51.000 40.000 55.000 55.000 46.000 62.000 48.000 43.000 45.000 45.000 46.000 44.000 46.000 53.000 51.000 47.000 53.000 50.000 40.000 36.000 34.000 38.000 38.000 36.000 37.000 42.000 29.000 36.000 39.000 51.000 55.000 80.000 77.000 76.000 77.000 82.000 77.000 82.000 72.000 82.000 76.000 78.000 79.000
VAdist IGKV1-17*01 0.000 0.000 36.000 34.000 42.000 34.000 34.000 32.000 15.000 16.000 28.000 27.000 23.000 23.000 46.000 47.000 47.000 43.000 53.000 40.000 51.000 40.000 55.000 55.000 46.000 62.000 48.000 43.000 45.000 45.000 46.000 44.000 46.000 53.000 51.000 47.000 53.000 50.000 40.000 36.000 34.000 38.000 38.000 36.000 37.000 42.000 29.000 36.000 39.000 51.000 55.000 80.000 77.000 76.000 77.000 82.000 77.000 82.000 72.000 82.000 76.000 78.000 79.000
VAdist IGKV2-12*01 36.000 36.000 0.000 4.000 18.000 7.000 7.000 7.000 37.000 41.000 50.000 47.000 50.000 50.000 47.000 51.000 50.000 53.000 52.000 54.000 48.000 50.000 60.000 60.000 51.000 58.000 49.000 52.000 50.000 49.000 51.000 53.000 51.000 52.000 48.000 50.000 58.000 55.000 60.000 56.000 54.000 58.000 57.000 54.000 55.000 59.000 48.000 56.000 59.000 71.000 68.000 88.000 81.000 92.000 84.000 84.000 84.000 84.000 75.000 84.000 80.000 84.000 85.000
VAdist IGKV2-13*01 34.000 34.000 4.000 0.000 17.000 3.000 3.000 5.000 37.000 41.000 50.000 47.000 50.000 50.000 47.000 51.000 50.000 53.000 52.000 54.000 47.000 54.000 60.000 60.000 51.000 62.000 49.000 52.000 50.000 49.000 51.000 53.000 51.000 52.000 48.000 50.000 58.000 55.000 60.000 52.000 50.000 57.000 57.000 53.000 55.000 59.000 47.000 55.000 59.000 71.000 69.000 88.000 81.000 92.000 84.000 84.000 84.000 84.000 75.000 84.000 80.000 84.000 85.000
VAdist IGKV2-14*01 42.000 42.000 18.000 17.000 0.000 14.000 14.000 14.000 35.000 45.000 51.000 48.000 53.000 53.000 47.000 51.000 50.000 52.000 51.000 51.000 45.000 51.000 60.000 60.000 51.000 61.000 48.000 52.000 53.000 48.000 50.000 53.000 51.000 52.000 48.000 49.000 58.000 48.000 60.000 55.000 51.000 54.000 58.000 50.000 56.000 60.000 51.000 58.000 60.000 71.000 73.000 88.000 81.000 91.000 85.000 84.000 85.000 84.000 75.000 84.000 80.000 85.000 86.000
VAdist IGKV2-4*01 34.000 34.000 7.000 3.000 14.000 0.000 0.000 2.000 37.000 41.000 50.000 47.000 50.000 50.000 47.000 51.000 50.000 53.000 52.000 54.000 47.000 54.000 60.000 60.000 51.000 62.000 49.000 52.000 50.000 49.000 51.000 53.000 51.000 52.000 48.000 50.000 58.000 55.000 60.000 52.000 50.000 57.000 57.000 53.000 55.000 59.000 47.000 55.000 59.000 71.000 69.000 88.000 81.000 92.000 84.000 84.000 84.000 84.000 75.000 84.000 80.000 84.000 85.000
VAdist IGKV2-5*01 34.000 34.000 7.000 3.000 14.000 0.000 0.000 2.000 37.000 41.000 50.000 47.000 50.000 50.000 47.000 51.000 50.000 53.000 52.000 54.000 47.000 54.000 60.000 60.000 51.000 62.000 49.000 52.000 50.000 49.000 51.000 53.000 51.000 52.000 48.000 50.000 58.000 55.000 60.000 52.000 50.000 57.000 57.000 53.000 55.000 59.000 47.000 55.000 59.000 71.000 69.000 88.000 81.000 92.000 84.000 84.000 84.000 84.000 75.000 84.000 80.000 84.000 85.000
VAdist IGKV2-9*01 32.000 32.000 7.000 5.000 14.000 2.000 2.000 0.000 37.000 41.000 50.000 47.000 50.000 50.000 47.000 51.000 50.000 53.000 52.000 54.000 48.000 54.000 60.000 60.000 51.000 62.000 49.000 52.000 50.000 49.000 51.000 53.000 51.000 52.000 48.000 50.000 58.000 55.000 60.000 54.000 52.000 58.000 57.000 54.000 55.000 59.000 47.000 56.000 59.000 71.000 69.000 88.000 81.000 92.000 84.000 84.000 84.000 84.000 75.000 84.000 80.000 84.000 85.000
VAdist IGKV4-1*01 15.000 15.000 37.000 37.000 35.000 37.000 37.000 37.000 0.000 16.000 20.000 19.000 26.000 26.000 37.000 43.000 44.000 45.000 49.000 35.000 45.000 35.000 54.000 54.000 42.000 58.000 42.000 46.000 42.000 41.000 41.000 46.000 42.000 48.000 46.000 43.000 47.000 49.000 40.000 36.000 28.000 32.000 33.000 28.000 32.000 36.000 34.000 39.000 32.000 50.000 56.000 80.000 76.000 75.000 74.000 80.000 74.000 80.000 72.000 80.000 75.000 76.000 82.000
VAdist IGKV6-6*01 16.000 16.000 41.000 41.000 45.000 41.000 41.000 41.000 16.000 0.000 29.000 24.000 24.000 24.000 44.000 47.000 48.000 47.000 52.000 42.000 54.000 42.000 55.000 55.000 46.000 63.000 51.000 47.000 48.000 46.000 46.000 48.000 46.000 55.000 54.000 48.000 48.000 54.000 37.000 40.000 35.000 34.000 31.000 35.000 36.000 36.000 35.000 39.000 36.000 50.000 59.000 76.000 75.000 68.000 71.000 76.000 71.000 76.000 64.000 76.000 74.000 71.000 76.000
VAdist IGKV8-16*01 28.000 28.000 50.000 50.000 51.000 50.000 50.000 50.000 20.000 29.000 0.000 7.000 37.000 37.000 41.000 51.000 52.000 50.000 53.000 43.000 47.000 47.000 58.000 58.000 50.000 64.000 50.000 54.000 42.000 51.000 50.000 55.000 50.000 48.000 50.000 51.000 54.000 57.000 44.000 44.000 40.000 42.000 41.000 38.000 36.000 40.000 43.000 45.000 44.000 46.000 62.000 80.000 77.000 75.000 75.000 80.000 75.000 80.000 72.000 80.000 77.000 77.000 82.000
VAdist IGKV8-3*01 27.000 27.000 47.000 47.000 48.000 47.000 47.000 47.000 19.000 24.000 7.000 0.000 34.000 34.000 39.000 47.000 48.000 46.000 49.000 41.000 45.000 45.000 54.000 54.000 46.000 60.000 48.000 50.000 41.000 47.000 46.000 51.000 46.000 47.000 48.000 47.000 52.000 53.000 40.000 42.000 38.000 38.000 35.000 36.000 34.000 36.000 41.000 41.000 40.000 46.000 61.000 80.000 78.000 75.000 76.000 82.000 76.000 82.000 71.000 82.000 78.000 75.000 84.000
VAdist IGKV9-11*01 23.000 23.000 50.000 50.000 53.000 50.000 50.000 50.000 26.000 24.000 37.000 34.000 0.000 0.000 46.000 42.000 38.000 46.000 45.000 35.000 46.000 35.000 46.000 46.000 41.000 63.000 39.000 36.000 47.000 42.000 41.000 47.000 41.000 46.000 46.000 38.000 48.000 52.000 35.000 40.000 38.000 38.000 38.000 38.000 39.000 39.000 35.000 39.000 35.000 51.000 54.000 74.000 74.000 74.000 70.000 78.000 70.000 78.000 65.000 78.000 73.000 77.000 82.000
VAdist IGKV9-18*01 23.000 23.000 50.000 50.000 53.000 50.000 50.000 50.000 26.000 24.000 37.000 34.000 0.000 0.000 46.000 42.000 38.000 46.000 45.000 35.000 46.000 35.000 46.000 46.000 41.000 63.000 39.000 36.000 47.000 42.000 41.000 47.000 41.000 46.000 46.000 38.000 48.000 52.000 35.000 40.000 38.000 38.000 38.000 38.000 39.000 39.000 35.000 39.000 35.000 51.000 54.000 74.000 74.000 74.000 70.000 78.000 70.000 78.000 65.000 78.000 73.000 77.000 82.000
VAdist IGLV1-32*01 46.000 46.000 47.000 47.000 47.000 47.000 47.000 47.000 37.000 44.000 41.000 39.000 46.000 46.000 0.000 30.000 25.000 32.000 18.000 37.000 18.000 37.000 41.000 41.000 30.000 43.000 22.000 28.000 14.000 30.000 33.000 32.000 30.000 37.000 19.000 24.000 43.000 36.000 41.000 39.000 32.000 38.000 37.000 32.000 33.000 36.000 36.000 44.000 37.000 49.000 56.000 73.000 73.000 70.000 69.000 69.000 69.000 69.000 57.000 69.000 73.000 73.000 71.000
VAdist IGLV1-35*01 47.000 47.000 51.000 51.000 51.000 51.000 51.000 51.000 43.000 47.000 51.000 47.000 42.000 42.000 30.000 0.000 17.000 27.000 35.000 47.000 35.000 47.000 39.000 39.000 4.000 41.000 32.000 26.000 39.000 21.000 11.000 27.000 4.000 38.000 35.000 17.000 46.000 42.000 43.000 48.000 42.000 42.000 42.000 42.000 42.000 42.000 43.000 42.000 42.000 53.000 63.000 72.000 76.000 76.000 74.000 72.000 74.000 72.000 60.000 72.000 75.000 75.000 72.000
VAdist IGLV1-36*01 47.000 47.000 50.000 50.000 50.000 50.000 50.000 50.000 44.000 48.000 52.000 48.000 38.000 38.000 25.000 17.000 0.000 21.000 25.000 35.000 25.000 35.000 33.000 33.000 16.000 36.000 19.000 13.000 33.000 15.000 19.000 22.000 16.000 29.000 24.000 7.000 48.000 37.000 34.000 43.000 38.000 42.000 38.000 38.000 38.000 39.000 38.000 42.000 38.000 42.000 55.000 68.000 68.000 76.000 75.000 64.000 75.000 64.000 52.000 64.000 67.000 72.000 68.000
VAdist IGLV1-37*01 43.000 43.000 53.000 53.000 52.000 53.000 53.000 53.000 45.000 47.000 50.000 46.000 46.000 46.000 32.000 27.000 21.000 0.000 38.000 37.000 36.000 41.000 42.000 42.000 23.000 31.000 36.000 18.000 40.000 11.000 22.000 16.000 23.000 43.000 39.000 24.000 52.000 35.000 36.000 44.000 39.000 43.000 36.000 37.000 36.000 43.000 40.000 42.000 40.000 45.000 65.000 71.000 75.000 76.000 75.000 75.000 75.000 75.000 59.000 75.000 74.000 75.000 75.000
VAdist IGLV1-40*01 53.000 53.000 52.000 52.000 51.000 52.000 52.000 52.000 49.000 52.000 53.000 49.000 45.000 45.000 18.000 35.000 25.000 38.000 0.000 41.000 8.000 41.000 30.000 30.000 34.000 50.000 18.000 32.000 28.000 36.000 37.000 39.000 34.000 30.000 15.000 18.000 51.000 35.000 47.000 53.000 50.000 48.000 49.000 50.000 51.000 46.000 51.000 52.000 50.000 54.000 61.000 76.000 72.000 69.000 71.000 68.000 71.000 68.000 56.000 68.000 72.000 76.000 71.000
VAdist IGLV1-41*01 40.000 40.000 54.000 54.000 51.000 54.000 54.000 54.000 35.000 42.000 43.000 41.000 35.000 35.000 37.000 47.000 35.000 37.000 41.000 0.000 35.000 4.000 49.000 49.000 46.000 58.000 31.000 36.000 39.000 41.000 45.000 43.000 46.000 42.000 41.000 37.000 51.000 45.000 30.000 35.000 30.000 37.000 36.000 28.000 30.000 43.000 33.000 40.000 38.000 43.000 60.000 79.000 75.000 79.000 82.000 75.000 82.000 75.000 63.000 75.000 74.000 83.000 80.000
VAdist IGLV1-42*01 51.000 51.000 48.000 47.000 45.000 47.000 47.000 48.000 45.000 54.000 47.000 45.000 46.000 46.000 18.000 35.000 25.000 36.000 8.000 35.000 0.000 37.000 30.000 30.000 34.000 50.000 14.000 32.000 29.000 36.000 37.000 39.000 34.000 27.000 11.000 18.000 47.000 35.000 45.000 48.000 45.000 44.000 49.000 42.000 45.000 49.000 45.000 48.000 51.000 52.000 58.000 78.000 70.000 75.000 74.000 66.000 74.000 66.000 58.000 66.000 70.000 78.000 71.000
VAdist IGLV1-44*01 40.000 40.000 50.000 54.000 51.000 54.000 54.000 54.000 35.000 42.000 47.000 45.000 35.000 35.000 37.000 47.000 35.000 41.000 41.000 4.000 37.000 0.000 49.000 49.000 46.000 54.000 31.000 36.000 39.000 41.000 45.000 43.000 46.000 42.000 41.000 37.000 51.000 46.000 34.000 35.000 30.000 39.000 36.000 30.000 34.000 43.000 33.000 42.000 38.000 47.000 59.000 79.000 75.000 79.000 82.000 75.000 82.000 75.000 63.000 75.000 74.000 83.000 80.000
VAdist IGLV1-47*01 55.000 55.000 60.000 60.000 60.000 60.000 60.000 60.000 54.000 55.000 58.000 54.000 46.000 46.000 41.000 39.000 33.000 42.000 30.000 49.000 30.000 49.000 0.000 0.000 39.000 54.000 32.000 41.000 46.000 37.000 42.000 42.000 39.000 34.000 30.000 30.000 52.000 38.000 46.000 54.000 50.000 53.000 50.000 50.000 50.000 50.000 50.000 51.000 50.000 58.000 70.000 79.000 75.000 83.000 75.000 75.000 75.000 75.000 63.000 75.000 75.000 79.000 79.000
VAdist IGLV1-47D*01 55.000 55.000 60.000 60.000 60.000 60.000 60.000 60.000 54.000 55.000 58.000 54.000 46.000 46.000 41.000 39.000 33.000 42.000 30.000 49.000 30.000 49.000 0.000 0.000 39.000 54.000 32.000 41.000 46.000 37.000 42.000 42.000 39.000 34.000 30.000 30.000 52.000 38.000 46.000 54.000 50.000 53.000 50.000 50.000 50.000 50.000 50.000 51.000 50.000 58.000 70.000 79.000 75.000 83.000 75.000 75.000 75.000 75.000 63.000 75.000 75.000 79.000 79.000
VAdist IGLV1-50*01 46.000 46.000 51.000 51.000 51.000 51.000 51.000 51.000 42.000 46.000 50.000 46.000 41.000 41.000 30.000 4.000 16.000 23.000 34.000 46.000 34.000 46.000 39.000 39.000 0.000 41.000 31.000 25.000 39.000 17.000 7.000 27.000 0.000 37.000 35.000 16.000 45.000 42.000 43.000 48.000 42.000 42.000 38.000 42.000 42.000 42.000 43.000 42.000 42.000 52.000 62.000 72.000 76.000 76.000 74.000 72.000 74.000 72.000 60.000 72.000 75.000 75.000 72.000
VAdist IGLV1-51*01 62.000 62.000 58.000 62.000 61.000 62.000 62.000 62.000 58.000 63.000 64.000 60.000 63.000 63.000 43.000 41.000 36.000 31.000 50.000 58.000 50.000 54.000 54.000 54.000 41.000 0.000 51.000 38.000 50.000 24.000 40.000 39.000 41.000 54.000 50.000 39.000 69.000 50.000 56.000 60.000 55.000 62.000 56.000 55.000 56.000 48.000 56.000 60.000 56.000 63.000 74.000 66.000 69.000 75.000 72.000 73.000 72.000 70.000 54.000 70.000 72.000 66.000 70.000
VAdist IGLV1-56*01 48.000 48.000 49.000 49.000 48.000 49.000 49.000 49.000 42.000 51.000 50.000 48.000 39.000 39.000 22.000 32.000 19.000 36.000 18.000 31.000 14.000 31.000 32.000 32.000 31.000 51.000 0.000 26.000 27.000 30.000 34.000 37.000 31.000 33.000 21.000 18.000 40.000 31.000 41.000 43.000 40.000 46.000 43.000 40.000 41.000 46.000 41.000 49.000 45.000 54.000 59.000 79.000 75.000 76.000 82.000 71.000 82.000 71.000 59.000 71.000 74.000 83.000 76.000
VAdist IGLV1-59*01 43.000 43.000 52.000 52.000 52.000 52.000 52.000 52.000 46.000 47.000 54.000 50.000 36.000 36.000 28.000 26.000 13.000 18.000 32.000 36.000 32.000 36.000 41.000 41.000 25.000 38.000 26.000 0.000 36.000 17.000 28.000 23.000 25.000 39.000 31.000 20.000 45.000 40.000 42.000 43.000 42.000 46.000 42.000 42.000 42.000 46.000 42.000 46.000 42.000 44.000 57.000 70.000 74.000 76.000 78.000 74.000 78.000 74.000 62.000 74.000 73.000 74.000 74.000
VAdist IGLV1-61*01 45.000 45.000 50.000 50.000 53.000 50.000 50.000 50.000 42.000 48.000 42.000 41.000 47.000 47.000 14.000 39.000 33.000 40.000 28.000 39.000 29.000 39.000 46.000 46.000 39.000 50.000 27.000 36.000 0.000 38.000 36.000 40.000 39.000 44.000 30.000 32.000 47.000 40.000 42.000 41.000 37.000 42.000 43.000 37.000 38.000 39.000 35.000 42.000 41.000 53.000 50.000 73.000 78.000 70.000 79.000 74.000 79.000 74.000 61.000 74.000 78.000 80.000 75.000
VAdist IGLV1-63*01 45.000 45.000 49.000 49.000 48.000 49.000 49.000 49.000 41.000 46.000 51.000 47.000 42.000 42.000 30.000 21.000 15.000 11.000 36.000 41.000 36.000 41.000 37.000 37.000 17.000 24.000 30.000 17.000 38.000 0.000 16.000 23.000 17.000 36.000 37.000 18.000 48.000 40.000 40.000 44.000 39.000 46.000 36.000 39.000 40.000 40.000 40.000 44.000 40.000 49.000 66.000 72.000 72.000 77.000 71.000 76.000 71.000 76.000 60.000 76.000 71.000 72.000 76.000
VAdist IGLV1-69*01 46.000 46.000 51.000 51.000 50.000 51.000 51.000 51.000 41.000 46.000 50.000 46.000 41.000 41.000 33.000 11.000 19.000 22.000 37.000 45.000 37.000 45.000 42.000 42.000 7.000 40.000 34.000 28.000 36.000 16.000 0.000 30.000 7.000 38.000 38.000 19.000 45.000 42.000 43.000 48.000 41.000 41.000 38.000 41.000 42.000 42.000 43.000 42.000 42.000 52.000 59.000 72.000 76.000 76.000 74.000 72.000 74.000 72.000 60.000 72.000 75.000 75.000 72.000
VAdist IGLV1-70*01 44.000 44.000 53.000 53.000 53.000 53.000 53.000 53.000 46.000 48.000 55.000 51.000 47.000 47.000 32.000 27.000 22.000 16.000 39.000 43.000 39.000 43.000 42.000 42.000 27.000 39.000 37.000 23.000 40.000 23.000 30.000 0.000 27.000 44.000 39.000 25.000 53.000 37.000 40.000 42.000 40.000 46.000 40.000 40.000 40.000 43.000 40.000 44.000 39.000 50.000 66.000 75.000 71.000 75.000 71.000 71.000 71.000 71.000 59.000 71.000 70.000 71.000 73.000
VAdist IGLV1-72*01 46.000 46.000 51.000 51.000 51.000 51.000 51.000 51.000 42.000 46.000 50.000 46.000 41.000 41.000 30.000 4.000 16.000 23.000 34.000 46.000 34.000 46.000 39.000 39.000 0.000 41.000 31.000 25.000 39.000 17.000 7.000 27.000 0.000 37.000 35.000 16.000 45.000 42.000 43.000 48.000 42.000 42.000 38.000 42.000 42.000 42.000 43.000 42.000 42.000 52.000 62.000 72.000 76.000 76.000 74.000 72.000 74.000 72.000 60.000 72.000 75.000 75.000 72.000
VAdist IGLV1-73*01 53.000 53.000 52.000 52.000 52.000 52.000 52.000 52.000 48.000 55.000 48.000 47.000 46.000 46.000 37.000 38.000 29.000 43.000 30.000 42.000 27.000 42.000 34.000 34.000 37.000 54.000 33.000 39.000 44.000 36.000 38.000 44.000 37.000 0.000 30.000 26.000 51.000 46.000 43.000 49.000 45.000 52.000 47.000 45.000 44.000 45.000 45.000 48.000 47.000 53.000 63.000 79.000 68.000 83.000 70.000 68.000 70.000 68.000 57.000 68.000 68.000 75.000 73.000
VAdist IGLV1-76*01 51.000 51.000 48.000 48.000 48.000 48.000 48.000 48.000 46.000 54.000 50.000 48.000 46.000 46.000 19.000 35.000 24.000 39.000 15.000 41.000 11.000 41.000 30.000 30.000 35.000 50.000 21.000 31.000 30.000 37.000 38.000 39.000 35.000 30.000 0.000 25.000 51.000 36.000 44.000 46.000 44.000 46.000 50.000 44.000 44.000 49.000 44.000 49.000 48.000 54.000 57.000 74.000 66.000 79.000 74.000 62.000 74.000 62.000 58.000 62.000 66.000 74.000 69.000
VAdist IGLV1-78*01 47.000 47.000 50.000 50.000 49.000 50.000 50.000 50.000 43.000 48.000 51.000 47.000 38.000 38.000 24.000 17.000 7.000 24.000 18.000 37.000 18.000 37.000 30.000 30.000 16.000 39.000 18.000 20.000 32.000 18.000 19.000 25.000 16.000 26.000 25.000 0.000 44.000 39.000 37.000 46.000 40.000 40.000 41.000 40.000 41.000 42.000 41.000 42.000 41.000 48.000 59.000 71.000 71.000 71.000 74.000 67.000 74.000 67.000 55.000 67.000 70.000 75.000 70.000
VAdist IGLV12-26*01 53.000 53.000 58.000 58.000 58.000 58.000 58.000 58.000 47.000 48.000 54.000 52.000 48.000 48.000 43.000 46.000 48.000 52.000 51.000 51.000 47.000 51.000 52.000 52.000 45.000 69.000 40.000 45.000 47.000 48.000 45.000 53.000 45.000 51.000 51.000 44.000 0.000 54.000 56.000 51.000 47.000 50.000 49.000 47.000 48.000 56.000 51.000 55.000 52.000 62.000 71.000 87.000 84.000 78.000 83.000 79.000 83.000 79.000 71.000 79.000 83.000 84.000 81.000
VAdist IGLV2-24*01 50.000 50.000 55.000 55.000 48.000 55.000 55.000 55.000 49.000 54.000 57.000 53.000 52.000 52.000 36.000 42.000 37.000 35.000 35.000 45.000 35.000 46.000 38.000 38.000 42.000 50.000 31.000 40.000 40.000 40.000 42.000 37.000 42.000 46.000 36.000 39.000 54.000 0.000 45.000 49.000 42.000 44.000 46.000 42.000 45.000 46.000 45.000 46.000 43.000 51.000 67.000 72.000 79.000 79.000 76.000 76.000 76.000 76.000 58.000 76.000 79.000 78.000 76.000
VAdist IGLV3-10*01 40.000 40.000 60.000 60.000 60.000 60.000 60.000 60.000 40.000 37.000 44.000 40.000 35.000 35.000 41.000 43.000 34.000 36.000 47.000 30.000 45.000 34.000 46.000 46.000 43.000 56.000 41.000 42.000 42.000 40.000 43.000 40.000 43.000 43.000 44.000 37.000 56.000 45.000 0.000 27.000 16.000 31.000 16.000 14.000 8.000 24.000 16.000 14.000 16.000 34.000 62.000 75.000 76.000 75.000 75.000 75.000 75.000 75.000 58.000 75.000 75.000 80.000 79.000
VAdist IGLV3-11*01 36.000 36.000 56.000 52.000 55.000 52.000 52.000 54.000 36.000 40.000 44.000 42.000 40.000 40.000 39.000 48.000 43.000 44.000 53.000 35.000 48.000 35.000 54.000 54.000 48.000 60.000 43.000 43.000 41.000 44.000 48.000 42.000 48.000 49.000 46.000 46.000 51.000 49.000 27.000 0.000 23.000 31.000 29.000 26.000 23.000 36.000 26.000 30.000 23.000 41.000 60.000 80.000 80.000 72.000 79.000 80.000 79.000 80.000 67.000 80.000 79.000 84.000 82.000
VAdist IGLV3-13*01 34.000 34.000 54.000 50.000 51.000 50.000 50.000 52.000 28.000 35.000 40.000 38.000 38.000 38.000 32.000 42.000 38.000 39.000 50.000 30.000 45.000 30.000 50.000 50.000 42.000 55.000 40.000 42.000 37.000 39.000 41.000 40.000 42.000 45.000 44.000 40.000 47.000 42.000 16.000 23.000 0.000 25.000 14.000 3.000 8.000 24.000 9.000 18.000 16.000 37.000 58.000 75.000 76.000 74.000 75.000 75.000 75.000 75.000 63.000 75.000 75.000 76.000 77.000
VAdist IGLV3-17*01 38.000 38.000 58.000 57.000 54.000 57.000 57.000 58.000 32.000 34.000 42.000 38.000 38.000 38.000 38.000 42.000 42.000 43.000 48.000 37.000 44.000 39.000 53.000 53.000 42.000 62.000 46.000 46.000 42.000 46.000 41.000 46.000 42.000 52.000 46.000 40.000 50.000 44.000 31.000 31.000 25.000 0.000 34.000 22.000 28.000 38.000 30.000 29.000 26.000 38.000 58.000 71.000 79.000 67.000 74.000 75.000 74.000 75.000 67.000 75.000 78.000 75.000 75.000
VAdist IGLV3-2*01 38.000 38.000 57.000 57.000 58.000 57.000 57.000 57.000 33.000 31.000 41.000 35.000 38.000 38.000 37.000 42.000 38.000 36.000 49.000 36.000 49.000 36.000 50.000 50.000 38.000 56.000 43.000 42.000 43.000 36.000 38.000 40.000 38.000 47.000 50.000 41.000 49.000 46.000 16.000 29.000 14.000 34.000 0.000 14.000 10.000 16.000 17.000 19.000 16.000 37.000 61.000 71.000 74.000 71.000 67.000 73.000 67.000 73.000 57.000 73.000 73.000 71.000 75.000
VAdist IGLV3-20*01 36.000 36.000 54.000 53.000 50.000 53.000 53.000 54.000 28.000 35.000 38.000 36.000 38.000 38.000 32.000 42.000 38.000 37.000 50.000 28.000 42.000 30.000 50.000 50.000 42.000 55.000 40.000 42.000 37.000 39.000 41.000 40.000 42.000 45.000 44.000 40.000 47.000 42.000 14.000 26.000 3.000 22.000 14.000 0.000 6.000 24.000 8.000 15.000 16.000 35.000 58.000 75.000 76.000 74.000 75.000 75.000 75.000 75.000 63.000 75.000 75.000 76.000 77.000
VAdist IGLV3-23*01 37.000 37.000 55.000 55.000 56.000 55.000 55.000 55.000 32.000 36.000 36.000 34.000 39.000 39.000 33.000 42.000 38.000 36.000 51.000 30.000 45.000 34.000 50.000 50.000 42.000 56.000 41.000 42.000 38.000 40.000 42.000 40.000 42.000 44.000 44.000 41.000 48.000 45.000 8.000 23.000 8.000 28.000 10.000 6.000 0.000 20.000 11.000 13.000 12.000 33.000 58.000 75.000 76.000 75.000 71.000 75.000 71.000 75.000 62.000 75.000 75.000 76.000 77.000
VAdist IGLV3-4*01 42.000 42.000 59.000 59.000 60.000 59.000 59.000 59.000 36.000 36.000 40.000 36.000 39.000 39.000 36.000 42.000 39.000 43.000 46.000 43.000 49.000 43.000 50.000 50.000 42.000 48.000 46.000 46.000 39.000 40.000 42.000 43.000 42.000 45.000 49.000 42.000 56.000 46.000 24.000 36.000 24.000 38.000 16.000 24.000 20.000 0.000 27.000 27.000 20.000 42.000 62.000 69.000 74.000 68.000 64.000 73.000 64.000 73.000 55.000 73.000 76.000 69.000 73.000
VAdist IGLV3-5*01 29.000 29.000 48.000 47.000 51.000 47.000 47.000 47.000 34.000 35.000 43.000 41.000 35.000 35.000 36.000 43.000 38.000 40.000 51.000 33.000 45.000 33.000 50.000 50.000 43.000 56.000 41.000 42.000 35.000 40.000 43.000 40.000 43.000 45.000 44.000 41.000 51.000 45.000 16.000 26.000 9.000 30.000 17.000 8.000 11.000 27.000 0.000 14.000 19.000 38.000 55.000 75.000 76.000 75.000 78.000 75.000 78.000 75.000 63.000 75.000 75.000 79.000 76.000
VAdist IGLV3-6*01 36.000 36.000 56.000 55.000 58.000 55.000 55.000 56.000 39.000 39.000 45.000 41.000 39.000 39.000 44.000 42.000 42.000 42.000 52.000 40.000 48.000 42.000 51.000 51.000 42.000 60.000 49.000 46.000 42.000 44.000 42.000 44.000 42.000 48.000 49.000 42.000 55.000 46.000 14.000 30.000 18.000 29.000 19.000 15.000 13.000 27.000 14.000 0.000 19.000 40.000 58.000 75.000 80.000 75.000 74.000 79.000 74.000 79.000 65.000 79.000 79.000 78.000 78.000
VAdist IGLV3-7*01 39.000 39.000 59.000 59.000 60.000 59.000 59.000 59.000 32.000 36.000 44.000 40.000 35.000 35.000 37.000 42.000 38.000 40.000 50.000 38.000 51.000 38.000 50.000 50.000 42.000 56.000 45.000 42.000 41.000 40.000 42.000 39.000 42.000 47.000 48.000 41.000 52.000 43.000 16.000 23.000 16.000 26.000 16.000 16.000 12.000 20.000 19.000 19.000 0.000 33.000 61.000 75.000 80.000 74.000 67.000 79.000 67.000 79.000 61.000 79.000 79.000 75.000 79.000
VAdist IGLV3-8-1*01 51.000 51.000 71.000 71.000 71.000 71.000 71.000 71.000 50.000 50.000 46.000 46.000 51.000 51.000 49.000 53.000 42.000 45.000 54.000 43.000 52.000 47.000 58.000 58.000 52.000 63.000 54.000 44.000 53.000 49.000 52.000 50.000 52.000 53.000 54.000 48.000 62.000 51.000 34.000 41.000 37.000 38.000 37.000 35.000 33.000 42.000 38.000 40.000 33.000 0.000 63.000 79.000 84.000 79.000 82.000 83.000 82.000 83.000 70.000 83.000 84.000 83.000 81.000
VAdist IGLV4-15*01 55.000 55.000 68.000 69.000 73.000 69.000 69.000 69.000 56.000 59.000 62.000 61.000 54.000 54.000 56.000 63.000 55.000 65.000 61.000 60.000 58.000 59.000 70.000 70.000 62.000 74.000 59.000 57.000 50.000 66.000 59.000 66.000 62.000 63.000 57.000 59.000 71.000 67.000 62.000 60.000 58.000 58.000 61.000 58.000 58.000 62.000 55.000 58.000 61.000 63.000 0.000 61.000 65.000 64.000 62.000 60.000 62.000 64.000 76.000 64.000 62.000 68.000 66.000
VAdist IGLV5-30*01 80.000 80.000 88.000 88.000 88.000 88.000 88.000 88.000 80.000 76.000 80.000 80.000 74.000 74.000 73.000 72.000 68.000 71.000 76.000 79.000 78.000 79.000 79.000 79.000 72.000 66.000 79.000 70.000 73.000 72.000 72.000 75.000 72.000 79.000 74.000 71.000 87.000 72.000 75.000 80.000 75.000 71.000 71.000 75.000 75.000 69.000 75.000 75.000 75.000 79.000 61.000 0.000 41.000 44.000 49.000 38.000 49.000 42.000 62.000 42.000 48.000 44.000 43.000
VAdist IGLV5-34*01 77.000 77.000 81.000 81.000 81.000 81.000 81.000 81.000 76.000 75.000 77.000 78.000 74.000 74.000 73.000 76.000 68.000 75.000 72.000 75.000 70.000 75.000 75.000 75.000 76.000 69.000 75.000 74.000 78.000 72.000 76.000 71.000 76.000 68.000 66.000 71.000 84.000 79.000 76.000 80.000 76.000 79.000 74.000 76.000 76.000 74.000 76.000 80.000 80.000 84.000 65.000 41.000 0.000 43.000 29.000 19.000 29.000 19.000 55.000 19.000 11.000 15.000 32.000
VAdist IGLV5-38*01 76.000 76.000 92.000 92.000 91.000 92.000 92.000 92.000 75.000 68.000 75.000 75.000 74.000 74.000 70.000 76.000 76.000 76.000 69.000 79.000 75.000 79.000 83.000 83.000 76.000 75.000 76.000 76.000 70.000 77.000 76.000 75.000 76.000 83.000 79.000 71.000 78.000 79.000 75.000 72.000 74.000 67.000 71.000 74.000 75.000 68.000 75.000 75.000 74.000 79.000 64.000 44.000 43.000 0.000 47.000 32.000 47.000 31.000 56.000 31.000 47.000 43.000 34.000
VAdist IGLV5-46*01 77.000 77.000 84.000 84.000 85.000 84.000 84.000 84.000 74.000 71.000 75.000 76.000 70.000 70.000 69.000 74.000 75.000 75.000 71.000 82.000 74.000 82.000 75.000 75.000 74.000 72.000 82.000 78.000 79.000 71.000 74.000 71.000 74.000 70.000 74.000 74.000 83.000 76.000 75.000 79.000 75.000 74.000 67.000 75.000 71.000 64.000 78.000 74.000 67.000 82.000 62.000 49.000 29.000 47.000 0.000 31.000 0.000 35.000 54.000 35.000 22.000 21.000 38.000
VAdist IGLV5-48*01 82.000 82.000 84.000 84.000 84.000 84.000 84.000 84.000 80.000 76.000 80.000 82.000 78.000 78.000 69.000 72.000 64.000 75.000 68.000 75.000 66.000 75.000 75.000 75.000 72.000 73.000 71.000 74.000 74.000 76.000 72.000 71.000 72.000 68.000 62.000 67.000 79.000 76.000 75.000 80.000 75.000 75.000 73.000 75.000 75.000 73.000 75.000 79.000 79.000 83.000 60.000 38.000 19.000 32.000 31.000 0.000 31.000 6.000 36.000 6.000 22.000 26.000 16.000
VAdist IGLV5-49*01 77.000 77.000 84.000 84.000 85.000 84.000 84.000 84.000 74.000 71.000 75.000 76.000 70.000 70.000 69.000 74.000 75.000 75.000 71.000 82.000 74.000 82.000 75.000 75.000 74.000 72.000 82.000 78.000 79.000 71.000 74.000 71.000 74.000 70.000 74.000 74.000 83.000 76.000 75.000 79.000 75.000 74.000 67.000 75.000 71.000 64.000 78.000 74.000 67.000 82.000 62.000 49.000 29.000 47.000 0.000 31.000 0.000 35.000 54.000 35.000 22.000 21.000 38.000
VAdist IGLV5-55*01 82.000 82.000 84.000 84.000 84.000 84.000 84.000 84.000 80.000 76.000 80.000 82.000 78.000 78.000 69.000 72.000 64.000 75.000 68.000 75.000 66.000 75.000 75.000 75.000 72.000 70.000 71.000 74.000 74.000 76.000 72.000 71.000 72.000 68.000 62.000 67.000 79.000 76.000 75.000 80.000 75.000 75.000 73.000 75.000 75.000 73.000 75.000 79.000 79.000 83.000 64.000 42.000 19.000 31.000 35.000 6.000 35.000 0.000 37.000 0.000 20.000 20.000 13.000
VAdist IGLV5-58*01 72.000 72.000 75.000 75.000 75.000 75.000 75.000 75.000 72.000 64.000 72.000 71.000 65.000 65.000 57.000 60.000 52.000 59.000 56.000 63.000 58.000 63.000 63.000 63.000 60.000 54.000 59.000 62.000 61.000 60.000 60.000 59.000 60.000 57.000 58.000 55.000 71.000 58.000 58.000 67.000 63.000 67.000 57.000 63.000 62.000 55.000 63.000 65.000 61.000 70.000 76.000 62.000 55.000 56.000 54.000 36.000 54.000 37.000 0.000 37.000 55.000 49.000 42.000
VAdist IGLV5-66*01 82.000 82.000 84.000 84.000 84.000 84.000 84.000 84.000 80.000 76.000 80.000 82.000 78.000 78.000 69.000 72.000 64.000 75.000 68.000 75.000 66.000 75.000 75.000 75.000 72.000 70.000 71.000 74.000 74.000 76.000 72.000 71.000 72.000 68.000 62.000 67.000 79.000 76.000 75.000 80.000 75.000 75.000 73.000 75.000 75.000 73.000 75.000 79.000 79.000 83.000 64.000 42.000 19.000 31.000 35.000 6.000 35.000 0.000 37.000 0.000 20.000 20.000 13.000
VAdist IGLV5-68*01 76.000 76.000 80.000 80.000 80.000 80.000 80.000 80.000 75.000 74.000 77.000 78.000 73.000 73.000 73.000 75.000 67.000 74.000 72.000 74.000 70.000 74.000 75.000 75.000 75.000 72.000 74.000 73.000 78.000 71.000 75.000 70.000 75.000 68.000 66.000 70.000 83.000 79.000 75.000 79.000 75.000 78.000 73.000 75.000 75.000 76.000 75.000 79.000 79.000 84.000 62.000 48.000 11.000 47.000 22.000 22.000 22.000 20.000 55.000 20.000 0.000 16.000 33.000
VAdist IGLV5-71*01 78.000 78.000 84.000 84.000 85.000 84.000 84.000 84.000 76.000 71.000 77.000 75.000 77.000 77.000 73.000 75.000 72.000 75.000 76.000 83.000 78.000 83.000 79.000 79.000 75.000 66.000 83.000 74.000 80.000 72.000 75.000 71.000 75.000 75.000 74.000 75.000 84.000 78.000 80.000 84.000 76.000 75.000 71.000 76.000 76.000 69.000 79.000 78.000 75.000 83.000 68.000 44.000 15.000 43.000 21.000 26.000 21.000 20.000 49.000 20.000 16.000 0.000 27.000
VAdist IGLV5-79*01 79.000 79.000 85.000 85.000 86.000 85.000 85.000 85.000 82.000 76.000 82.000 84.000 82.000 82.000 71.000 72.000 68.000 75.000 71.000 80.000 71.000 80.000 79.000 79.000 72.000 70.000 76.000 74.000 75.000 76.000 72.000 73.000 72.000 73.000 69.000 70.000 81.000 76.000 79.000 82.000 77.000 75.000 75.000 77.000 77.000 73.000 76.000 78.000 79.000 81.000 66.000 43.000 32.000 34.000 38.000 16.000 38.000 13.000 42.000 13.000 33.000 27.000 0.000
num_VB_genes 67
VBdist IGHV1-21*01 0.000 0.000 0.000 4.000 0.000 7.000 38.000 46.000 41.000 46.000 44.000 42.000 47.000 38.000 46.000 44.000 42.000 45.000 44.000 42.000 46.000 41.000 48.000 42.000 45.000 50.000 44.000 41.000 46.000 39.000 42.000 48.000 36.000 36.000 46.000 42.000 41.000 44.000 46.000 46.000 40.000 44.000 39.000 41.000 48.000 41.000 41.000 45.000 47.000 42.000 44.000 46.000 46.000 37.000 48.000 42.000 39.000 46.000 46.000 46.000 41.000 46.000 37.000 48.000 46.000 42.000 54.000
VBdist IGHV1-35*01 0.000 0.000 0.000 4.000 0.000 7.000 38.000 46.000 41.000 46.000 44.000 42.000 47.000 38.000 46.000 44.000 42.000 45.000 44.000 42.000 46.000 41.000 48.000 42.000 45.000 50.000 44.000 41.000 46.000 39.000 42.000 48.000 36.000 36.000 46.000 42.000 41.000 44.000 46.000 46.000 40.000 44.000 39.000 41.000 48.000 41.000 41.000 45.000 47.000 42.000 44.000 46.000 46.000 37.000 48.000 42.000 39.000 46.000 46.000 46.000 41.000 46.000 37.000 48.000 46.000 42.000 54.000
VBdist IGHV1-55*01 0.000 0.000 0.000 4.000 0.000 7.000 38.000 46.000 41.000 46.000 44.000 42.000 47.000 38.000 46.000 44.000 42.000 45.000 44.000 42.000 46.000 41.000 48.000 42.000 45.000 50.000 44.000 41.000 46.000 39.000 42.000 48.000 36.000 36.000 46.000 42.000 41.000 44.000 46.000 46.000 40.000 44.000 39.000 41.000 48.000 41.000 41.000 45.000 47.000 42.000 44.000 46.000 46.000 37.000 48.000 42.000 39.000 46.000 46.000 46.000 41.000 46.000 37.000 48.000 46.000 42.000 54.000
VBdist IGHV1-63*01 4.000 4.000 4.000 0.000 4.000 11.000 38.000 46.000 41.000 46.000 44.000 42.000 47.000 38.000 46.000 44.000 42.000 45.000 44.000 42.000 46.000 41.000 48.000 42.000 45.000 50.000 44.000 41.000 46.000 39.000 42.000 48.000 36.000 36.000 46.000 42.000 41.000 44.000 46.000 46.000 40.000 44.000 39.000 41.000 48.000 41.000 41.000 45.000 47.000 42.000 44.000 46.000 46.000 37.000 48.000 42.000 39.000 46.000 46.000 46.000 41.000 46.000 37.000 48.000 46.000 42.000 54.000
VBdist IGHV1-7*01 0.000 0.000 0.000 4.000 0.000 7.000 38.000 46.000 41.000 46.000 44.000 42.000 47.000 38.000 46.000 44.000 42.000 45.000 44.000 42.000 46.000 41.000 48.000 42.000 45.000 50.000 44.000 41.000 46.000 39.000 42.000 48.000 36.000 36.000 46.000 42.000 41.000 44.000 46.000 46.000 40.000 44.000 39.000 41.000 48.000 41.000 41.000 45.000 47.000 42.000 44.000 46.000 46.000 37.000 48.000 42.000 39.000 46.000 46.000 46.000 41.000 46.000 37.000 48.000 46.000 42.000 54.000
VBdist IGHV1-79*01 7.000 7.000 7.000 11.000 7.000 0.000 42.000 50.000 45.000 50.000 48.000 46.000 51.000 42.000 50.000 48.000 46.000 49.000 48.000 46.000 50.000 45.000 52.000 46.000 46.000 54.000 48.000 45.000 50.000 43.000 46.000 52.000 40.000 40.000 50.000 46.000 45.000 48.000 50.000 50.000 44.000 48.000 43.000 45.000 52.000 45.000 45.000 49.000 51.000 46.000 48.000 50.000 50.000 41.000 52.000 46.000 43.000 50.000 50.000 50.000 45.000 50.000 41.000 52.000 50.000 46.000 61.000
VBdist IGHV3-10*01 38.000 38.000 38.000 38.000 38.000 42.000 0.000 8.000 27.000 8.000 20.000 20.000 20.000 19.000 15.000 24.000 11.000 21.000 19.000 16.000 20.000 10.000 24.000 4.000 27.000 12.000 19.000 23.000 32.000 14.000 19.000 24.000 17.000 21.000 35.000 8.000 27.000 20.000 15.000 12.000 16.000 20.000 14.000 23.000 24.000 14.000 27.000 20.000 15.000 12.000 24.000 8.000 8.000 13.000 24.000 11.000 24.000 8.000 8.000 8.000 21.000 8.000 13.000 24.000 15.000 4.000 46.000
VBdist IGHV3-11*01 46.000 46.000 46.000 46.000 46.000 50.000 8.000 0.000 31.000 0.000 20.000 24.000 24.000 27.000 15.000 28.000 15.000 21.000 19.000 19.000 24.000 16.000 16.000 8.000 31.000 12.000 23.000 27.000 35.000 22.000 22.000 24.000 25.000 29.000 39.000 11.000 31.000 24.000 19.000 12.000 20.000 24.000 22.000 27.000 28.000 20.000 31.000 26.000 7.000 16.000 24.000 8.000 4.000 19.000 28.000 15.000 30.000 8.000 8.000 8.000 27.000 4.000 19.000 27.000 19.000 7.000 54.000
VBdist IGHV3-12*01 41.000 41.000 41.000 41.000 41.000 45.000 27.000 31.000 0.000 31.000 19.000 9.000 35.000 13.000 35.000 11.000 26.000 16.000 15.000 31.000 39.000 31.000 23.000 27.000 8.000 35.000 20.000 4.000 9.000 19.000 30.000 19.000 16.000 20.000 16.000 25.000 0.000 7.000 26.000 31.000 23.000 11.000 19.000 4.000 15.000 35.000 0.000 23.000 32.000 19.000 11.000 31.000 31.000 24.000 15.000 22.000 12.000 31.000 31.000 31.000 11.000 31.000 24.000 23.000 30.000 27.000 61.000
VBdist IGHV3-13*01 46.000 46.000 46.000 46.000 46.000 50.000 8.000 0.000 31.000 0.000 20.000 24.000 24.000 27.000 15.000 28.000 15.000 21.000 19.000 19.000 24.000 16.000 16.000 8.000 31.000 12.000 23.000 27.000 35.000 22.000 22.000 24.000 25.000 29.000 39.000 11.000 31.000 24.000 19.000 12.000 20.000 24.000 22.000 27.000 28.000 20.000 31.000 26.000 7.000 16.000 24.000 8.000 4.000 19.000 28.000 15.000 30.000 8.000 8.000 8.000 27.000 4.000 19.000 27.000 19.000 7.000 54.000
VBdist IGHV3-15*01 44.000 44.000 44.000 44.000 44.000 48.000 20.000 20.000 19.000 20.000 0.000 14.000 32.000 16.000 24.000 8.000 15.000 13.000 8.000 23.000 32.000 24.000 4.000 20.000 19.000 24.000 13.000 15.000 23.000 12.000 30.000 8.000 15.000 19.000 27.000 19.000 19.000 12.000 19.000 20.000 8.000 12.000 12.000 15.000 16.000 28.000 19.000 16.000 27.000 24.000 12.000 20.000 24.000 27.000 16.000 15.000 19.000 20.000 20.000 20.000 15.000 24.000 27.000 7.000 28.000 19.000 54.000
VBdist IGHV3-16*01 42.000 42.000 42.000 42.000 42.000 46.000 20.000 24.000 9.000 24.000 14.000 0.000 28.000 14.000 28.000 14.000 20.000 11.000 10.000 24.000 32.000 24.000 18.000 20.000 9.000 28.000 15.000 5.000 18.000 14.000 31.000 14.000 17.000 21.000 17.000 18.000 9.000 2.000 20.000 24.000 18.000 6.000 14.000 5.000 10.000 28.000 9.000 18.000 31.000 20.000 10.000 24.000 24.000 27.000 10.000 16.000 17.000 24.000 24.000 24.000 9.000 24.000 27.000 18.000 27.000 20.000 54.000
VBdist IGHV3-18*01 47.000 47.000 47.000 47.000 47.000 51.000 20.000 24.000 35.000 24.000 32.000 28.000 0.000 35.000 31.000 32.000 23.000 33.000 32.000 32.000 36.000 16.000 36.000 20.000 35.000 28.000 31.000 31.000 44.000 31.000 35.000 36.000 34.000 38.000 23.000 20.000 35.000 28.000 23.000 28.000 28.000 32.000 31.000 31.000 36.000 28.000 35.000 35.000 31.000 16.000 36.000 24.000 24.000 23.000 36.000 19.000 39.000 24.000 24.000 24.000 35.000 24.000 23.000 36.000 28.000 20.000 46.000
VBdist IGHV3-20*01 38.000 38.000 38.000 38.000 38.000 42.000 19.000 27.000 13.000 27.000 16.000 14.000 35.000 0.000 31.000 20.000 23.000 17.000 8.000 27.000 35.000 26.000 20.000 23.000 13.000 31.000 11.000 9.000 18.000 8.000 34.000 20.000 5.000 9.000 20.000 24.000 13.000 12.000 27.000 27.000 20.000 12.000 8.000 9.000 16.000 29.000 13.000 14.000 28.000 28.000 16.000 27.000 27.000 23.000 16.000 23.000 7.000 27.000 27.000 27.000 13.000 27.000 23.000 20.000 32.000 23.000 53.000
VBdist IGHV3-22*01 46.000 46.000 46.000 46.000 46.000 50.000 15.000 15.000 35.000 15.000 24.000 28.000 31.000 31.000 0.000 32.000 20.000 25.000 23.000 23.000 20.000 23.000 28.000 15.000 35.000 11.000 27.000 31.000 39.000 26.000 26.000 28.000 29.000 29.000 43.000 18.000 35.000 28.000 24.000 11.000 24.000 28.000 26.000 31.000 28.000 24.000 35.000 22.000 17.000 23.000 28.000 7.000 19.000 26.000 32.000 20.000 34.000 7.000 7.000 7.000 31.000 19.000 26.000 26.000 26.000 14.000 55.000
VBdist IGHV3-23*01 44.000 44.000 44.000 44.000 44.000 48.000 24.000 28.000 11.000 28.000 8.000 14.000 32.000 20.000 32.000 0.000 19.000 21.000 16.000 28.000 36.000 28.000 12.000 24.000 19.000 32.000 17.000 15.000 20.000 16.000 27.000 16.000 19.000 23.000 27.000 24.000 11.000 12.000 19.000 28.000 12.000 16.000 16.000 15.000 20.000 32.000 11.000 20.000 35.000 16.000 16.000 28.000 28.000 27.000 20.000 15.000 19.000 28.000 28.000 28.000 16.000 28.000 27.000 12.000 28.000 24.000 58.000
VBdist IGHV3-24*01 42.000 42.000 42.000 42.000 42.000 46.000 11.000 15.000 26.000 15.000 15.000 20.000 23.000 23.000 20.000 19.000 0.000 20.000 19.000 20.000 24.000 15.000 19.000 9.000 26.000 19.000 15.000 22.000 31.000 18.000 23.000 23.000 21.000 25.000 34.000 11.000 26.000 19.000 8.000 16.000 11.000 15.000 18.000 22.000 19.000 20.000 26.000 22.000 22.000 15.000 23.000 15.000 11.000 18.000 21.000 4.000 26.000 15.000 15.000 15.000 22.000 11.000 18.000 18.000 15.000 11.000 50.000
VBdist IGHV3-25*01 45.000 45.000 45.000 45.000 45.000 49.000 21.000 21.000 16.000 21.000 13.000 11.000 33.000 17.000 25.000 21.000 20.000 0.000 9.000 24.000 33.000 25.000 17.000 21.000 16.000 25.000 18.000 12.000 18.000 17.000 31.000 13.000 20.000 24.000 24.000 18.000 16.000 9.000 24.000 21.000 17.000 9.000 17.000 12.000 13.000 29.000 16.000 21.000 28.000 25.000 9.000 21.000 25.000 28.000 13.000 20.000 20.000 21.000 21.000 21.000 12.000 25.000 28.000 20.000 28.000 20.000 54.000
VBdist IGHV3-26*01 44.000 44.000 44.000 44.000 44.000 48.000 19.000 19.000 15.000 19.000 8.000 10.000 32.000 8.000 23.000 16.000 19.000 9.000 0.000 22.000 31.000 24.000 12.000 19.000 15.000 23.000 9.000 11.000 19.000 8.000 29.000 12.000 11.000 15.000 23.000 19.000 15.000 8.000 23.000 19.000 16.000 8.000 8.000 11.000 12.000 27.000 15.000 12.000 26.000 24.000 8.000 19.000 23.000 27.000 12.000 19.000 11.000 19.000 19.000 19.000 11.000 23.000 27.000 15.000 28.000 18.000 54.000
VBdist IGHV3-28*01 42.000 42.000 42.000 42.000 42.000 46.000 16.000 19.000 31.000 19.000 23.000 24.000 32.000 27.000 23.000 28.000 20.000 24.000 22.000 0.000 20.000 24.000 27.000 16.000 31.000 23.000 24.000 27.000 32.000 23.000 15.000 27.000 26.000 30.000 39.000 16.000 31.000 24.000 24.000 19.000 20.000 24.000 23.000 27.000 28.000 16.000 31.000 27.000 26.000 24.000 27.000 19.000 20.000 27.000 28.000 20.000 30.000 19.000 19.000 19.000 27.000 20.000 27.000 28.000 27.000 12.000 50.000
VBdist IGHV3-29*01 46.000 46.000 46.000 46.000 46.000 50.000 20.000 24.000 39.000 24.000 32.000 32.000 36.000 35.000 20.000 36.000 24.000 33.000 31.000 20.000 0.000 28.000 36.000 20.000 39.000 20.000 31.000 35.000 44.000 30.000 16.000 36.000 33.000 37.000 47.000 24.000 39.000 32.000 28.000 19.000 24.000 32.000 30.000 35.000 32.000 16.000 39.000 26.000 26.000 28.000 36.000 16.000 24.000 31.000 36.000 24.000 38.000 16.000 16.000 16.000 35.000 24.000 31.000 31.000 31.000 20.000 50.000
VBdist IGHV3-3*01 41.000 41.000 41.000 41.000 41.000 45.000 10.000 16.000 31.000 16.000 24.000 24.000 16.000 26.000 23.000 28.000 15.000 25.000 24.000 24.000 28.000 0.000 28.000 12.000 31.000 20.000 24.000 27.000 36.000 21.000 27.000 28.000 24.000 28.000 31.000 12.000 31.000 24.000 19.000 20.000 20.000 24.000 21.000 27.000 28.000 12.000 31.000 23.000 23.000 12.000 28.000 16.000 16.000 11.000 28.000 15.000 27.000 16.000 16.000 16.000 23.000 16.000 11.000 28.000 20.000 12.000 48.000
VBdist IGHV3-30*01 48.000 48.000 48.000 48.000 48.000 52.000 24.000 16.000 23.000 16.000 4.000 18.000 36.000 20.000 28.000 12.000 19.000 17.000 12.000 27.000 36.000 28.000 0.000 24.000 23.000 28.000 17.000 19.000 27.000 16.000 34.000 12.000 19.000 23.000 31.000 23.000 23.000 16.000 23.000 24.000 12.000 16.000 16.000 19.000 20.000 32.000 23.000 20.000 23.000 28.000 16.000 24.000 20.000 31.000 20.000 19.000 23.000 24.000 24.000 24.000 19.000 20.000 31.000 11.000 32.000 23.000 58.000
VBdist IGHV3-32*01 42.000 42.000 42.000 42.000 42.000 46.000 4.000 8.000 27.000 8.000 20.000 20.000 20.000 23.000 15.000 24.000 9.000 21.000 19.000 16.000 20.000 12.000 24.000 0.000 27.000 12.000 17.000 23.000 32.000 18.000 19.000 24.000 21.000 25.000 35.000 8.000 27.000 20.000 15.000 12.000 16.000 18.000 18.000 23.000 22.000 16.000 27.000 22.000 15.000 12.000 24.000 8.000 6.000 15.000 20.000 11.000 26.000 8.000 8.000 8.000 23.000 6.000 15.000 24.000 13.000 4.000 50.000
VBdist IGHV3-34*01 45.000 45.000 45.000 45.000 45.000 46.000 27.000 31.000 8.000 31.000 19.000 9.000 35.000 13.000 35.000 19.000 26.000 16.000 15.000 31.000 39.000 31.000 23.000 27.000 0.000 35.000 20.000 4.000 17.000 19.000 38.000 19.000 16.000 20.000 16.000 25.000 8.000 7.000 26.000 31.000 23.000 11.000 19.000 4.000 15.000 35.000 8.000 23.000 32.000 27.000 15.000 31.000 31.000 28.000 15.000 22.000 16.000 31.000 31.000 31.000 14.000 31.000 28.000 23.000 34.000 27.000 61.000
VBdist IGHV3-36*01 50.000 50.000 50.000 50.000 50.000 54.000 12.000 12.000 35.000 12.000 24.000 28.000 28.000 31.000 11.000 32.000 19.000 25.000 23.000 23.000 20.000 20.000 28.000 12.000 35.000 0.000 27.000 31.000 35.000 26.000 26.000 24.000 29.000 33.000 43.000 15.000 35.000 28.000 23.000 11.000 24.000 28.000 26.000 31.000 28.000 24.000 35.000 22.000 14.000 20.000 28.000 4.000 16.000 23.000 28.000 19.000 34.000 4.000 4.000 4.000 31.000 16.000 23.000 26.000 19.000 11.000 53.000
VBdist IGHV3-37*01 44.000 44.000 44.000 44.000 44.000 48.000 19.000 23.000 20.000 23.000 13.000 15.000 31.000 11.000 27.000 17.000 15.000 18.000 9.000 24.000 31.000 24.000 17.000 17.000 20.000 27.000 0.000 16.000 25.000 5.000 30.000 17.000 8.000 12.000 27.000 20.000 20.000 13.000 23.000 23.000 17.000 9.000 5.000 16.000 13.000 27.000 20.000 9.000 30.000 24.000 17.000 23.000 19.000 27.000 15.000 19.000 16.000 23.000 23.000 23.000 16.000 19.000 27.000 16.000 24.000 19.000 53.000
VBdist IGHV3-38*01 41.000 41.000 41.000 41.000 41.000 45.000 23.000 27.000 4.000 27.000 15.000 5.000 31.000 9.000 31.000 15.000 22.000 12.000 11.000 27.000 35.000 27.000 19.000 23.000 4.000 31.000 16.000 0.000 13.000 15.000 34.000 15.000 12.000 16.000 12.000 21.000 4.000 3.000 22.000 27.000 19.000 7.000 15.000 0.000 11.000 31.000 4.000 19.000 28.000 23.000 11.000 27.000 27.000 24.000 11.000 18.000 12.000 27.000 27.000 27.000 10.000 27.000 24.000 19.000 30.000 23.000 57.000
VBdist IGHV3-41*01 46.000 46.000 46.000 46.000 46.000 50.000 32.000 35.000 9.000 35.000 23.000 18.000 44.000 18.000 39.000 20.000 31.000 18.000 19.000 32.000 44.000 36.000 27.000 32.000 17.000 35.000 25.000 13.000 0.000 24.000 31.000 15.000 21.000 25.000 25.000 26.000 9.000 16.000 35.000 35.000 28.000 16.000 24.000 13.000 20.000 40.000 9.000 28.000 36.000 28.000 15.000 35.000 36.000 29.000 12.000 31.000 17.000 35.000 35.000 35.000 16.000 36.000 29.000 28.000 27.000 28.000 61.000
VBdist IGHV3-42*01 39.000 39.000 39.000 39.000 39.000 43.000 14.000 22.000 19.000 22.000 12.000 14.000 31.000 8.000 26.000 16.000 18.000 17.000 8.000 23.000 30.000 21.000 16.000 18.000 19.000 26.000 5.000 15.000 24.000 0.000 29.000 16.000 3.000 7.000 27.000 19.000 19.000 12.000 22.000 22.000 16.000 12.000 0.000 15.000 16.000 24.000 19.000 6.000 29.000 23.000 16.000 22.000 22.000 24.000 16.000 18.000 13.000 22.000 22.000 22.000 13.000 22.000 24.000 16.000 27.000 18.000 49.000
VBdist IGHV3-44*01 42.000 42.000 42.000 42.000 42.000 46.000 19.000 22.000 30.000 22.000 30.000 31.000 35.000 34.000 26.000 27.000 23.000 31.000 29.000 15.000 16.000 27.000 34.000 19.000 38.000 26.000 30.000 34.000 31.000 29.000 0.000 34.000 32.000 36.000 46.000 19.000 30.000 31.000 27.000 22.000 27.000 31.000 29.000 34.000 35.000 15.000 30.000 33.000 29.000 19.000 30.000 22.000 23.000 26.000 35.000 23.000 33.000 22.000 22.000 22.000 31.000 23.000 26.000 35.000 26.000 15.000 50.000
VBdist IGHV3-45*01 48.000 48.000 48.000 48.000 48.000 52.000 24.000 24.000 19.000 24.000 8.000 14.000 36.000 20.000 28.000 16.000 23.000 13.000 12.000 27.000 36.000 28.000 12.000 24.000 19.000 24.000 17.000 15.000 15.000 16.000 34.000 0.000 19.000 23.000 27.000 21.000 19.000 12.000 27.000 24.000 16.000 12.000 16.000 15.000 16.000 32.000 19.000 20.000 31.000 28.000 12.000 24.000 28.000 31.000 8.000 23.000 23.000 24.000 24.000 24.000 15.000 28.000 31.000 15.000 23.000 23.000 54.000
VBdist IGHV3-46*01 36.000 36.000 36.000 36.000 36.000 40.000 17.000 25.000 16.000 25.000 15.000 17.000 34.000 5.000 29.000 19.000 21.000 20.000 11.000 26.000 33.000 24.000 19.000 21.000 16.000 29.000 8.000 12.000 21.000 3.000 32.000 19.000 0.000 4.000 24.000 22.000 16.000 15.000 25.000 25.000 19.000 15.000 3.000 12.000 19.000 27.000 16.000 9.000 26.000 26.000 19.000 25.000 25.000 21.000 19.000 21.000 10.000 25.000 25.000 25.000 16.000 25.000 21.000 19.000 30.000 21.000 52.000
VBdist IGHV3-48*01 36.000 36.000 36.000 36.000 36.000 40.000 21.000 29.000 20.000 29.000 19.000 21.000 38.000 9.000 29.000 23.000 25.000 24.000 15.000 30.000 37.000 28.000 23.000 25.000 20.000 33.000 12.000 16.000 25.000 7.000 36.000 23.000 4.000 0.000 28.000 26.000 20.000 19.000 29.000 29.000 23.000 19.000 7.000 16.000 23.000 31.000 20.000 13.000 30.000 30.000 23.000 29.000 29.000 25.000 23.000 25.000 14.000 29.000 29.000 29.000 20.000 29.000 25.000 23.000 34.000 25.000 53.000
VBdist IGHV3-5*01 46.000 46.000 46.000 46.000 46.000 50.000 35.000 39.000 16.000 39.000 27.000 17.000 23.000 20.000 43.000 27.000 34.000 24.000 23.000 39.000 47.000 31.000 31.000 35.000 16.000 43.000 27.000 12.000 25.000 27.000 46.000 27.000 24.000 28.000 0.000 33.000 16.000 15.000 34.000 39.000 31.000 19.000 27.000 12.000 23.000 35.000 16.000 31.000 40.000 35.000 23.000 39.000 39.000 36.000 23.000 30.000 24.000 39.000 39.000 39.000 22.000 39.000 36.000 31.000 42.000 35.000 57.000
VBdist IGHV3-52*01 42.000 42.000 42.000 42.000 42.000 46.000 8.000 11.000 25.000 11.000 19.000 18.000 20.000 24.000 18.000 24.000 11.000 18.000 19.000 16.000 24.000 12.000 23.000 8.000 25.000 15.000 20.000 21.000 26.000 19.000 19.000 21.000 22.000 26.000 33.000 0.000 25.000 18.000 15.000 15.000 16.000 18.000 19.000 21.000 22.000 20.000 25.000 23.000 18.000 12.000 21.000 11.000 12.000 15.000 22.000 11.000 27.000 11.000 11.000 11.000 21.000 12.000 15.000 24.000 16.000 4.000 50.000
VBdist IGHV3-53*01 41.000 41.000 41.000 41.000 41.000 45.000 27.000 31.000 0.000 31.000 19.000 9.000 35.000 13.000 35.000 11.000 26.000 16.000 15.000 31.000 39.000 31.000 23.000 27.000 8.000 35.000 20.000 4.000 9.000 19.000 30.000 19.000 16.000 20.000 16.000 25.000 0.000 7.000 26.000 31.000 23.000 11.000 19.000 4.000 15.000 35.000 0.000 23.000 32.000 19.000 11.000 31.000 31.000 24.000 15.000 22.000 12.000 31.000 31.000 31.000 11.000 31.000 24.000 23.000 30.000 27.000 61.000
VBdist IGHV3-54*01 44.000 44.000 44.000 44.000 44.000 48.000 20.000 24.000 7.000 24.000 12.000 2.000 28.000 12.000 28.000 12.000 19.000 9.000 8.000 24.000 32.000 24.000 16.000 20.000 7.000 28.000 13.000 3.000 16.000 12.000 31.000 12.000 15.000 19.000 15.000 18.000 7.000 0.000 19.000 24.000 16.000 4.000 12.000 3.000 8.000 28.000 7.000 16.000 31.000 20.000 8.000 24.000 24.000 27.000 8.000 15.000 15.000 24.000 24.000 24.000 7.000 24.000 27.000 16.000 27.000 20.000 54.000
VBdist IGHV3-57*01 46.000 46.000 46.000 46.000 46.000 50.000 15.000 19.000 26.000 19.000 19.000 20.000 23.000 27.000 24.000 19.000 8.000 24.000 23.000 24.000 28.000 19.000 23.000 15.000 26.000 23.000 23.000 22.000 35.000 22.000 27.000 27.000 25.000 29.000 34.000 15.000 26.000 19.000 0.000 20.000 15.000 23.000 22.000 22.000 27.000 24.000 26.000 26.000 26.000 15.000 27.000 19.000 19.000 22.000 27.000 4.000 30.000 19.000 19.000 19.000 26.000 19.000 22.000 23.000 23.000 15.000 54.000
VBdist IGHV3-58*01 46.000 46.000 46.000 46.000 46.000 50.000 12.000 12.000 31.000 12.000 20.000 24.000 28.000 27.000 11.000 28.000 16.000 21.000 19.000 19.000 19.000 20.000 24.000 12.000 31.000 11.000 23.000 27.000 35.000 22.000 22.000 24.000 25.000 29.000 39.000 15.000 31.000 24.000 20.000 0.000 20.000 24.000 22.000 27.000 24.000 20.000 31.000 21.000 15.000 20.000 24.000 7.000 16.000 23.000 28.000 16.000 30.000 7.000 7.000 7.000 27.000 16.000 23.000 23.000 23.000 11.000 50.000
VBdist IGHV3-59*01 40.000 40.000 40.000 40.000 40.000 44.000 16.000 20.000 23.000 20.000 8.000 18.000 28.000 20.000 24.000 12.000 11.000 17.000 16.000 20.000 24.000 20.000 12.000 16.000 23.000 24.000 17.000 19.000 28.000 16.000 27.000 16.000 19.000 23.000 31.000 16.000 23.000 16.000 15.000 20.000 0.000 16.000 16.000 19.000 20.000 24.000 23.000 20.000 27.000 20.000 20.000 20.000 20.000 23.000 20.000 11.000 23.000 20.000 20.000 20.000 19.000 20.000 23.000 12.000 24.000 16.000 54.000
VBdist IGHV3-6*01 44.000 44.000 44.000 44.000 44.000 48.000 20.000 24.000 11.000 24.000 12.000 6.000 32.000 12.000 28.000 16.000 15.000 9.000 8.000 24.000 32.000 24.000 16.000 18.000 11.000 28.000 9.000 7.000 16.000 12.000 31.000 12.000 15.000 19.000 19.000 18.000 11.000 4.000 23.000 24.000 16.000 0.000 12.000 7.000 4.000 28.000 11.000 16.000 31.000 24.000 8.000 24.000 20.000 27.000 6.000 19.000 15.000 24.000 24.000 24.000 7.000 20.000 27.000 15.000 23.000 20.000 54.000
VBdist IGHV3-60*01 39.000 39.000 39.000 39.000 39.000 43.000 14.000 22.000 19.000 22.000 12.000 14.000 31.000 8.000 26.000 16.000 18.000 17.000 8.000 23.000 30.000 21.000 16.000 18.000 19.000 26.000 5.000 15.000 24.000 0.000 29.000 16.000 3.000 7.000 27.000 19.000 19.000 12.000 22.000 22.000 16.000 12.000 0.000 15.000 16.000 24.000 19.000 6.000 29.000 23.000 16.000 22.000 22.000 24.000 16.000 18.000 13.000 22.000 22.000 22.000 13.000 22.000 24.000 16.000 27.000 18.000 49.000
VBdist IGHV3-61*01 41.000 41.000 41.000 41.000 41.000 45.000 23.000 27.000 4.000 27.000 15.000 5.000 31.000 9.000 31.000 15.000 22.000 12.000 11.000 27.000 35.000 27.000 19.000 23.000 4.000 31.000 16.000 0.000 13.000 15.000 34.000 15.000 12.000 16.000 12.000 21.000 4.000 3.000 22.000 27.000 19.000 7.000 15.000 0.000 11.000 31.000 4.000 19.000 28.000 23.000 11.000 27.000 27.000 24.000 11.000 18.000 12.000 27.000 27.000 27.000 10.000 27.000 24.000 19.000 30.000 23.000 57.000
VBdist IGHV3-62*01 48.000 48.000 48.000 48.000 48.000 52.000 24.000 28.000 15.000 28.000 16.000 10.000 36.000 16.000 28.000 20.000 19.000 13.000 12.000 28.000 32.000 28.000 20.000 22.000 15.000 28.000 13.000 11.000 20.000 16.000 35.000 16.000 19.000 23.000 23.000 22.000 15.000 8.000 27.000 24.000 20.000 4.000 16.000 11.000 0.000 32.000 15.000 16.000 31.000 28.000 12.000 24.000 24.000 31.000 10.000 23.000 19.000 24.000 24.000 24.000 11.000 24.000 31.000 15.000 27.000 24.000 58.000
VBdist IGHV3-65*01 41.000 41.000 41.000 41.000 41.000 45.000 14.000 20.000 35.000 20.000 28.000 28.000 28.000 29.000 24.000 32.000 20.000 29.000 27.000 16.000 16.000 12.000 32.000 16.000 35.000 24.000 27.000 31.000 40.000 24.000 15.000 32.000 27.000 31.000 35.000 20.000 35.000 28.000 24.000 20.000 24.000 28.000 24.000 31.000 32.000 0.000 35.000 26.000 27.000 24.000 32.000 20.000 20.000 23.000 32.000 20.000 30.000 20.000 20.000 20.000 27.000 20.000 23.000 32.000 27.000 16.000 48.000
VBdist IGHV3-66*01 41.000 41.000 41.000 41.000 41.000 45.000 27.000 31.000 0.000 31.000 19.000 9.000 35.000 13.000 35.000 11.000 26.000 16.000 15.000 31.000 39.000 31.000 23.000 27.000 8.000 35.000 20.000 4.000 9.000 19.000 30.000 19.000 16.000 20.000 16.000 25.000 0.000 7.000 26.000 31.000 23.000 11.000 19.000 4.000 15.000 35.000 0.000 23.000 32.000 19.000 11.000 31.000 31.000 24.000 15.000 22.000 12.000 31.000 31.000 31.000 11.000 31.000 24.000 23.000 30.000 27.000 61.000
VBdist IGHV3-67*01 45.000 45.000 45.000 45.000 45.000 49.000 20.000 26.000 23.000 26.000 16.000 18.000 35.000 14.000 22.000 20.000 22.000 21.000 12.000 27.000 26.000 23.000 20.000 22.000 23.000 22.000 9.000 19.000 28.000 6.000 33.000 20.000 9.000 13.000 31.000 23.000 23.000 16.000 26.000 21.000 20.000 16.000 6.000 19.000 16.000 26.000 23.000 0.000 28.000 27.000 20.000 18.000 26.000 26.000 20.000 22.000 15.000 18.000 18.000 18.000 15.000 26.000 26.000 15.000 31.000 22.000 55.000
VBdist IGHV3-68*01 47.000 47.000 47.000 47.000 47.000 51.000 15.000 7.000 32.000 7.000 27.000 31.000 31.000 28.000 17.000 35.000 22.000 28.000 26.000 26.000 26.000 23.000 23.000 15.000 32.000 14.000 30.000 28.000 36.000 29.000 29.000 31.000 26.000 30.000 40.000 18.000 32.000 31.000 26.000 15.000 27.000 31.000 29.000 28.000 31.000 27.000 32.000 28.000 0.000 23.000 31.000 10.000 11.000 20.000 35.000 22.000 31.000 10.000 10.000 10.000 34.000 11.000 20.000 26.000 26.000 14.000 61.000
VBdist IGHV3-69*01 42.000 42.000 42.000 42.000 42.000 46.000 12.000 16.000 19.000 16.000 24.000 20.000 16.000 28.000 23.000 16.000 15.000 25.000 24.000 24.000 28.000 12.000 28.000 12.000 27.000 20.000 24.000 23.000 28.000 23.000 19.000 28.000 26.000 30.000 35.000 12.000 19.000 20.000 15.000 20.000 20.000 24.000 23.000 23.000 28.000 24.000 19.000 27.000 23.000 0.000 24.000 16.000 16.000 11.000 28.000 11.000 27.000 16.000 16.000 16.000 24.000 16.000 11.000 28.000 16.000 12.000 50.000
VBdist IGHV3-71*01 44.000 44.000 44.000 44.000 44.000 48.000 24.000 24.000 11.000 24.000 12.000 10.000 36.000 16.000 28.000 16.000 23.000 9.000 8.000 27.000 36.000 28.000 16.000 24.000 15.000 28.000 17.000 11.000 15.000 16.000 30.000 12.000 19.000 23.000 23.000 21.000 11.000 8.000 27.000 24.000 20.000 8.000 16.000 11.000 12.000 32.000 11.000 20.000 31.000 24.000 0.000 24.000 28.000 23.000 12.000 23.000 15.000 24.000 24.000 24.000 8.000 28.000 23.000 19.000 23.000 23.000 58.000
VBdist IGHV3-72*01 46.000 46.000 46.000 46.000 46.000 50.000 8.000 8.000 31.000 8.000 20.000 24.000 24.000 27.000 7.000 28.000 15.000 21.000 19.000 19.000 16.000 16.000 24.000 8.000 31.000 4.000 23.000 27.000 35.000 22.000 22.000 24.000 25.000 29.000 39.000 11.000 31.000 24.000 19.000 7.000 20.000 24.000 22.000 27.000 24.000 20.000 31.000 18.000 10.000 16.000 24.000 0.000 12.000 19.000 28.000 15.000 30.000 0.000 0.000 0.000 27.000 12.000 19.000 22.000 19.000 7.000 54.000
VBdist IGHV3-73*01 46.000 46.000 46.000 46.000 46.000 50.000 8.000 4.000 31.000 4.000 24.000 24.000 24.000 27.000 19.000 28.000 11.000 25.000 23.000 20.000 24.000 16.000 20.000 6.000 31.000 16.000 19.000 27.000 36.000 22.000 23.000 28.000 25.000 29.000 39.000 12.000 31.000 24.000 19.000 16.000 20.000 20.000 22.000 27.000 24.000 20.000 31.000 26.000 11.000 16.000 28.000 12.000 0.000 19.000 26.000 15.000 30.000 12.000 12.000 12.000 27.000 0.000 19.000 27.000 15.000 8.000 54.000
VBdist IGHV3-74*01 37.000 37.000 37.000 37.000 37.000 41.000 13.000 19.000 24.000 19.000 27.000 27.000 23.000 23.000 26.000 27.000 18.000 28.000 27.000 27.000 31.000 11.000 31.000 15.000 28.000 23.000 27.000 24.000 29.000 24.000 26.000 31.000 21.000 25.000 36.000 15.000 24.000 27.000 22.000 23.000 23.000 27.000 24.000 24.000 31.000 23.000 24.000 26.000 20.000 11.000 23.000 19.000 19.000 0.000 31.000 18.000 20.000 19.000 19.000 19.000 23.000 19.000 0.000 31.000 15.000 15.000 51.000
VBdist IGHV3-75*01 48.000 48.000 48.000 48.000 48.000 52.000 24.000 28.000 15.000 28.000 16.000 10.000 36.000 16.000 32.000 20.000 21.000 13.000 12.000 28.000 36.000 28.000 20.000 20.000 15.000 28.000 15.000 11.000 12.000 16.000 35.000 8.000 19.000 23.000 23.000 22.000 15.000 8.000 27.000 28.000 20.000 6.000 16.000 11.000 10.000 32.000 15.000 20.000 35.000 28.000 12.000 28.000 26.000 31.000 0.000 23.000 19.000 28.000 28.000 28.000 11.000 26.000 31.000 20.000 21.000 24.000 54.000
VBdist IGHV3-76*01 42.000 42.000 42.000 42.000 42.000 46.000 11.000 15.000 22.000 15.000 15.000 16.000 19.000 23.000 20.000 15.000 4.000 20.000 19.000 20.000 24.000 15.000 19.000 11.000 22.000 19.000 19.000 18.000 31.000 18.000 23.000 23.000 21.000 25.000 30.000 11.000 22.000 15.000 4.000 16.000 11.000 19.000 18.000 18.000 23.000 20.000 22.000 22.000 22.000 11.000 23.000 15.000 15.000 18.000 23.000 0.000 26.000 15.000 15.000 15.000 22.000 15.000 18.000 19.000 19.000 11.000 50.000
VBdist IGHV3-78*01 39.000 39.000 39.000 39.000 39.000 43.000 24.000 30.000 12.000 30.000 19.000 17.000 39.000 7.000 34.000 19.000 26.000 20.000 11.000 30.000 38.000 27.000 23.000 26.000 16.000 34.000 16.000 12.000 17.000 13.000 33.000 23.000 10.000 14.000 24.000 27.000 12.000 15.000 30.000 30.000 23.000 15.000 13.000 12.000 19.000 30.000 12.000 15.000 31.000 27.000 15.000 30.000 30.000 20.000 19.000 26.000 0.000 30.000 30.000 30.000 11.000 30.000 20.000 23.000 31.000 26.000 59.000
VBdist IGHV3-8*01 46.000 46.000 46.000 46.000 46.000 50.000 8.000 8.000 31.000 8.000 20.000 24.000 24.000 27.000 7.000 28.000 15.000 21.000 19.000 19.000 16.000 16.000 24.000 8.000 31.000 4.000 23.000 27.000 35.000 22.000 22.000 24.000 25.000 29.000 39.000 11.000 31.000 24.000 19.000 7.000 20.000 24.000 22.000 27.000 24.000 20.000 31.000 18.000 10.000 16.000 24.000 0.000 12.000 19.000 28.000 15.000 30.000 0.000 0.000 0.000 27.000 12.000 19.000 22.000 19.000 7.000 54.000
VBdist IGHV3-8*02 46.000 46.000 46.000 46.000 46.000 50.000 8.000 8.000 31.000 8.000 20.000 24.000 24.000 27.000 7.000 28.000 15.000 21.000 19.000 19.000 16.000 16.000 24.000 8.000 31.000 4.000 23.000 27.000 35.000 22.000 22.000 24.000 25.000 29.000 39.000 11.000 31.000 24.000 19.000 7.000 20.000 24.000 22.000 27.000 24.000 20.000 31.000 18.000 10.000 16.000 24.000 0.000 12.000 19.000 28.000 15.000 30.000 0.000 0.000 0.000 27.000 12.000 19.000 22.000 19.000 7.000 54.000
VBdist IGHV3-80*01 46.000 46.000 46.000 46.000 46.000 50.000 8.000 8.000 31.000 8.000 20.000 24.000 24.000 27.000 7.000 28.000 15.000 21.000 19.000 19.000 16.000 16.000 24.000 8.000 31.000 4.000 23.000 27.000 35.000 22.000 22.000 24.000 25.000 29.000 39.000 11.000 31.000 24.000 19.000 7.000 20.000 24.000 22.000 27.000 24.000 20.000 31.000 18.000 10.000 16.000 24.000 0.000 12.000 19.000 28.000 15.000 30.000 0.000 0.000 0.000 27.000 12.000 19.000 22.000 19.000 7.000 54.000
VBdist IGHV3-83*01 41.000 41.000 41.000 41.000 41.000 45.000 21.000 27.000 11.000 27.000 15.000 9.000 35.000 13.000 31.000 16.000 22.000 12.000 11.000 27.000 35.000 23.000 19.000 23.000 14.000 31.000 16.000 10.000 16.000 13.000 31.000 15.000 16.000 20.000 22.000 21.000 11.000 7.000 26.000 27.000 19.000 7.000 13.000 10.000 11.000 27.000 11.000 15.000 34.000 24.000 8.000 27.000 27.000 23.000 11.000 22.000 11.000 27.000 27.000 27.000 0.000 27.000 23.000 19.000 27.000 23.000 55.000
VBdist IGHV3-86*01 46.000 46.000 46.000 46.000 46.000 50.000 8.000 4.000 31.000 4.000 24.000 24.000 24.000 27.000 19.000 28.000 11.000 25.000 23.000 20.000 24.000 16.000 20.000 6.000 31.000 16.000 19.000 27.000 36.000 22.000 23.000 28.000 25.000 29.000 39.000 12.000 31.000 24.000 19.000 16.000 20.000 20.000 22.000 27.000 24.000 20.000 31.000 26.000 11.000 16.000 28.000 12.000 0.000 19.000 26.000 15.000 30.000 12.000 12.000 12.000 27.000 0.000 19.000 27.000 15.000 8.000 54.000
VBdist IGHV3-87*01 37.000 37.000 37.000 37.000 37.000 41.000 13.000 19.000 24.000 19.000 27.000 27.000 23.000 23.000 26.000 27.000 18.000 28.000 27.000 27.000 31.000 11.000 31.000 15.000 28.000 23.000 27.000 24.000 29.000 24.000 26.000 31.000 21.000 25.000 36.000 15.000 24.000 27.000 22.000 23.000 23.000 27.000 24.000 24.000 31.000 23.000 24.000 26.000 20.000 11.000 23.000 19.000 19.000 0.000 31.000 18.000 20.000 19.000 19.000 19.000 23.000 19.000 0.000 31.000 15.000 15.000 51.000
VBdist IGHV3-88*01 48.000 48.000 48.000 48.000 48.000 52.000 24.000 27.000 23.000 27.000 7.000 18.000 36.000 20.000 26.000 12.000 18.000 20.000 15.000 28.000 31.000 28.000 11.000 24.000 23.000 26.000 16.000 19.000 28.000 16.000 35.000 15.000 19.000 23.000 31.000 24.000 23.000 16.000 23.000 23.000 12.000 15.000 16.000 19.000 15.000 32.000 23.000 15.000 26.000 28.000 19.000 22.000 27.000 31.000 20.000 19.000 23.000 22.000 22.000 22.000 19.000 27.000 31.000 0.000 31.000 24.000 58.000
VBdist IGHV3-89*01 46.000 46.000 46.000 46.000 46.000 50.000 15.000 19.000 30.000 19.000 28.000 27.000 28.000 32.000 26.000 28.000 15.000 28.000 28.000 27.000 31.000 20.000 32.000 13.000 34.000 19.000 24.000 30.000 27.000 27.000 26.000 23.000 30.000 34.000 42.000 16.000 30.000 27.000 23.000 23.000 24.000 23.000 27.000 30.000 27.000 27.000 30.000 31.000 26.000 16.000 23.000 19.000 15.000 15.000 21.000 19.000 31.000 19.000 19.000 19.000 27.000 15.000 15.000 31.000 0.000 15.000 54.000
VBdist IGHV3-9*01 42.000 42.000 42.000 42.000 42.000 46.000 4.000 7.000 27.000 7.000 19.000 20.000 20.000 23.000 14.000 24.000 11.000 20.000 18.000 12.000 20.000 12.000 23.000 4.000 27.000 11.000 19.000 23.000 28.000 18.000 15.000 23.000 21.000 25.000 35.000 4.000 27.000 20.000 15.000 11.000 16.000 20.000 18.000 23.000 24.000 16.000 27.000 22.000 14.000 12.000 23.000 7.000 8.000 15.000 24.000 11.000 26.000 7.000 7.000 7.000 23.000 8.000 15.000 24.000 15.000 0.000 50.000
VBdist IGHV4-2*01 54.000 54.000 54.000 54.000 54.000 61.000 46.000 54.000 61.000 54.000 54.000 54.000 46.000 53.000 55.000 58.000 50.000 54.000 54.000 50.000 50.000 48.000 58.000 50.000 61.000 53.000 53.000 57.000 61.000 49.000 50.000 54.000 52.000 53.000 57.000 50.000 61.000 54.000 54.000 50.000 54.000 54.000 49.000 57.000 58.000 48.000 61.000 55.000 61.000 50.000 58.000 54.000 54.000 51.000 54.000 50.000 59.000 54.000 54.000 54.000 55.000 54.000 51.000 58.000 54.000 50.000 0.000
