AAdist A 0.000 4.000 4.000 4.000 4.000 4.000 4.000 4.000 4.000 4.000 4.000 4.000 4.000 4.000 4.000 3.000 4.000 4.000 4.000 4.000
AAdist C 4.000 0.000 4.000 4.000 4.000 4.000 4.000 4.000 4.000 4.000 4.000 4.000 4.000 4.000 4.000 4.000 4.000 4.000 4.000 4.000
AAdist D 4.000 4.000 0.000 2.000 4.000 4.000 4.000 4.000 4.000 4.000 4.000 3.000 4.000 4.000 4.000 4.000 4.000 4.000 4.000 4.000
AAdist E 4.000 4.000 2.000 0.000 4.000 4.000 4.000 4.000 3.000 4.000 4.000 4.000 4.000 2.000 4.000 4.000 4.000 4.000 4.000 4.000
AAdist F 4.000 4.000 4.000 4.000 0.000 4.000 4.000 4.000 4.000 4.000 4.000 4.000 4.000 4.000 4.000 4.000 4.000 4.000 3.000 1.000
AAdist G 4.000 4.000 4.000 4.000 4.000 0.000 4.000 4.000 4.000 4.000 4.000 4.000 4.000 4.000 4.000 4.000 4.000 4.000 4.000 4.000
AAdist H 4.000 4.000 4.000 4.000 4.000 4.000 0.000 4.000 4.000 4.000 4.000 3.000 4.000 4.000 4.000 4.000 4.000 4.000 4.000 2.000
AAdist I 4.000 4.000 4.000 4.000 4.000 4.000 4.000 0.000 4.000 2.000 3.000 4.000 4.000 4.000 4.000 4.000 4.000 1.000 4.000 4.000
AAdist K 4.000 4.000 4.000 3.000 4.000 4.000 4.000 4.000 0.000 4.000 4.000 4.000 4.000 3.000 2.000 4.000 4.000 4.000 4.000 4.000
AAdist L 4.000 4.000 4.000 4.000 4.000 4.000 4.000 2.000 4.000 0.000 2.000 4.000 4.000 4.000 4.000 4.000 4.000 3.000 4.000 4.000
AAdist M 4.000 4.000 4.000 4.000 4.000 4.000 4.000 3.000 4.000 2.000 0.000 4.000 4.000 4.000 4.000 4.000 4.000 3.000 4.000 4.000
AAdist N 4.000 4.000 3.000 4.000 4.000 4.000 3.000 4.000 4.000 4.000 4.000 0.000 4.000 4.000 4.000 3.000 4.000 4.000 4.000 4.000
AAdist P 4.000 4.000 4.000 4.000 4.000 4.000 4.000 4.000 4.000 4.000 4.000 4.000 0.000 4.000 4.000 4.000 4.000 4.000 4.000 4.000
AAdist Q 4.000 4.000 4.000 2.000 4.000 4.000 4.000 4.000 3.000 4.000 4.000 4.000 4.000 0.000 3.000 4.000 4.000 4.000 4.000 4.000
AAdist R 4.000 4.000 4.000 4.000 4.000 4.000 4.000 4.000 2.000 4.000 4.000 4.000 4.000 3.000 0.000 4.000 4.000 4.000 4.000 4.000
AAdist S 3.000 4.000 4.000 4.000 4.000 4.000 4.000 4.000 4.000 4.000 4.000 3.000 4.000 4.000 4.000 0.000 3.000 4.000 4.000 4.000
AAdist T 4.000 4.000 4.000 4.000 4.000 4.000 4.000 4.000 4.000 4.000 4.000 4.000 4.000 4.000 4.000 3.000 0.000 4.000 4.000 4.000
AAdist V 4.000 4.000 4.000 4.000 4.000 4.000 4.000 1.000 4.000 3.000 3.000 4.000 4.000 4.000 4.000 4.000 4.000 0.000 4.000 4.000
AAdist W 4.000 4.000 4.000 4.000 3.000 4.000 4.000 4.000 4.000 4.000 4.000 4.000 4.000 4.000 4.000 4.000 4.000 4.000 0.000 2.000
AAdist Y 4.000 4.000 4.000 4.000 1.000 4.000 2.000 4.000 4.000 4.000 4.000 4.000 4.000 4.000 4.000 4.000 4.000 4.000 2.000 0.000
num_VA_genes 99
VAdist IGKV1S1*01 0.000 22.000 13.000 13.000 21.000 13.000 12.000 12.000 24.000 12.000 13.000 14.000 14.000 13.000 21.000 13.000 13.000 13.000 13.000 25.000 23.000 25.000 26.000 25.000 25.000 13.000 13.000 26.000 12.000 27.000 25.000 28.000 26.000 25.000 23.000 13.000 12.000 24.000 29.000 12.000 12.000 28.000 12.000 20.000 17.000 12.000 21.000 13.000 13.000 13.000 13.000 13.000 19.000 25.000 13.000 25.000 12.000 22.000 13.000 13.000 13.000 21.000 12.000 25.000 12.000 25.000 13.000 12.000 42.000 42.000 48.000 43.000 51.000 50.000 51.000 47.000 48.000 50.000 47.000 71.000 67.000 67.000 71.000 72.000 67.000 83.000 84.000 84.000 84.000 83.000 83.000 80.000 83.000 63.000 66.000 67.000 66.000 66.000 66.000
VAdist IGKV1S10*01 22.000 0.000 20.000 18.000 15.000 18.000 25.000 20.000 16.000 16.000 20.000 18.000 16.000 18.000 15.000 20.000 20.000 20.000 20.000 12.000 17.000 12.000 12.000 11.000 11.000 20.000 20.000 14.000 20.000 14.000 12.000 14.000 8.000 12.000 11.000 18.000 16.000 16.000 19.000 16.000 16.000 15.000 16.000 15.000 23.000 20.000 15.000 18.000 20.000 20.000 20.000 20.000 24.000 12.000 18.000 12.000 16.000 15.000 20.000 16.000 18.000 15.000 20.000 3.000 16.000 12.000 20.000 16.000 39.000 39.000 51.000 36.000 48.000 31.000 43.000 35.000 36.000 31.000 35.000 67.000 59.000 63.000 67.000 68.000 63.000 83.000 84.000 84.000 84.000 83.000 83.000 80.000 83.000 61.000 62.000 63.000 62.000 63.000 62.000
VAdist IGKV1S11*01 13.000 20.000 0.000 8.000 19.000 8.000 17.000 3.000 22.000 7.000 8.000 11.000 11.000 8.000 19.000 0.000 0.000 0.000 0.000 22.000 21.000 22.000 19.000 27.000 27.000 0.000 0.000 24.000 3.000 24.000 22.000 21.000 23.000 22.000 25.000 8.000 7.000 22.000 27.000 7.000 7.000 26.000 7.000 26.000 18.000 3.000 19.000 8.000 0.000 0.000 0.000 0.000 10.000 22.000 8.000 22.000 7.000 24.000 0.000 8.000 4.000 19.000 3.000 23.000 7.000 22.000 0.000 7.000 42.000 42.000 48.000 43.000 51.000 50.000 51.000 47.000 47.000 50.000 47.000 71.000 67.000 67.000 71.000 72.000 67.000 83.000 84.000 84.000 84.000 83.000 83.000 80.000 83.000 63.000 66.000 67.000 66.000 66.000 66.000
VAdist IGKV1S12*01 13.000 18.000 8.000 0.000 17.000 0.000 17.000 8.000 22.000 6.000 8.000 7.000 9.000 0.000 15.000 8.000 8.000 8.000 8.000 24.000 17.000 24.000 24.000 25.000 25.000 8.000 8.000 24.000 8.000 26.000 24.000 26.000 24.000 24.000 21.000 0.000 6.000 22.000 31.000 6.000 6.000 29.000 6.000 27.000 12.000 8.000 15.000 0.000 8.000 8.000 8.000 8.000 14.000 24.000 0.000 24.000 6.000 25.000 8.000 2.000 4.000 15.000 8.000 21.000 6.000 24.000 8.000 6.000 41.000 41.000 48.000 43.000 51.000 48.000 51.000 47.000 48.000 48.000 47.000 71.000 65.000 67.000 71.000 72.000 67.000 83.000 84.000 84.000 84.000 83.000 83.000 80.000 83.000 61.000 64.000 65.000 64.000 65.000 64.000
VAdist IGKV1S13*01 21.000 15.000 19.000 17.000 0.000 17.000 25.000 19.000 19.000 15.000 19.000 17.000 15.000 17.000 16.000 19.000 19.000 19.000 19.000 24.000 18.000 24.000 24.000 20.000 20.000 19.000 19.000 21.000 19.000 26.000 24.000 26.000 20.000 24.000 20.000 17.000 15.000 19.000 31.000 15.000 15.000 27.000 15.000 24.000 22.000 19.000 16.000 17.000 19.000 19.000 19.000 19.000 23.000 24.000 17.000 24.000 15.000 25.000 19.000 15.000 17.000 16.000 19.000 12.000 15.000 24.000 19.000 15.000 43.000 43.000 51.000 46.000 54.000 42.000 48.000 40.000 44.000 42.000 40.000 72.000 62.000 66.000 72.000 72.000 68.000 84.000 88.000 88.000 88.000 84.000 84.000 87.000 84.000 58.000 64.000 64.000 64.000 64.000 64.000
VAdist IGKV1S14*01 13.000 18.000 8.000 0.000 17.000 0.000 17.000 8.000 22.000 6.000 8.000 7.000 9.000 0.000 15.000 8.000 8.000 8.000 8.000 24.000 17.000 24.000 24.000 25.000 25.000 8.000 8.000 24.000 8.000 26.000 24.000 26.000 24.000 24.000 21.000 0.000 6.000 22.000 31.000 6.000 6.000 29.000 6.000 27.000 12.000 8.000 15.000 0.000 8.000 8.000 8.000 8.000 14.000 24.000 0.000 24.000 6.000 25.000 8.000 2.000 4.000 15.000 8.000 21.000 6.000 24.000 8.000 6.000 41.000 41.000 48.000 43.000 51.000 48.000 51.000 47.000 48.000 48.000 47.000 71.000 65.000 67.000 71.000 72.000 67.000 83.000 84.000 84.000 84.000 83.000 83.000 80.000 83.000 61.000 64.000 65.000 64.000 65.000 64.000
VAdist IGKV1S15*01 12.000 25.000 17.000 17.000 25.000 17.000 0.000 17.000 25.000 17.000 11.000 14.000 14.000 17.000 23.000 17.000 17.000 17.000 17.000 29.000 25.000 29.000 29.000 28.000 28.000 17.000 17.000 25.000 17.000 31.000 29.000 31.000 29.000 29.000 24.000 17.000 17.000 27.000 32.000 17.000 17.000 31.000 17.000 28.000 21.000 17.000 23.000 17.000 17.000 17.000 17.000 17.000 23.000 29.000 17.000 29.000 17.000 30.000 17.000 17.000 17.000 23.000 17.000 28.000 17.000 29.000 17.000 17.000 43.000 43.000 48.000 41.000 51.000 50.000 50.000 47.000 48.000 50.000 47.000 71.000 67.000 67.000 71.000 72.000 67.000 80.000 81.000 81.000 81.000 80.000 80.000 77.000 77.000 63.000 65.000 66.000 65.000 67.000 65.000
VAdist IGKV1S16*01 12.000 20.000 3.000 8.000 19.000 8.000 17.000 0.000 22.000 4.000 8.000 11.000 11.000 8.000 19.000 3.000 3.000 3.000 3.000 19.000 21.000 19.000 22.000 27.000 27.000 3.000 3.000 24.000 0.000 21.000 19.000 24.000 23.000 19.000 25.000 8.000 4.000 22.000 30.000 4.000 4.000 29.000 4.000 23.000 18.000 0.000 19.000 8.000 3.000 3.000 3.000 3.000 10.000 19.000 8.000 19.000 4.000 21.000 3.000 8.000 7.000 19.000 0.000 23.000 4.000 19.000 3.000 4.000 39.000 39.000 48.000 43.000 51.000 50.000 50.000 47.000 47.000 50.000 47.000 71.000 67.000 67.000 71.000 72.000 67.000 83.000 84.000 84.000 84.000 83.000 83.000 80.000 83.000 63.000 65.000 66.000 65.000 63.000 65.000
VAdist IGKV1S17*01 24.000 16.000 22.000 22.000 19.000 22.000 25.000 22.000 0.000 22.000 18.000 22.000 22.000 22.000 7.000 22.000 22.000 22.000 22.000 17.000 5.000 17.000 17.000 9.000 9.000 22.000 22.000 14.000 22.000 15.000 17.000 15.000 17.000 17.000 15.000 22.000 22.000 8.000 20.000 22.000 22.000 23.000 22.000 13.000 29.000 22.000 7.000 22.000 22.000 22.000 22.000 22.000 24.000 17.000 22.000 17.000 22.000 18.000 22.000 22.000 22.000 7.000 22.000 13.000 22.000 17.000 22.000 22.000 43.000 43.000 43.000 42.000 46.000 42.000 40.000 36.000 40.000 42.000 36.000 66.000 60.000 60.000 66.000 66.000 62.000 76.000 80.000 80.000 80.000 76.000 76.000 79.000 75.000 62.000 67.000 67.000 67.000 67.000 67.000
VAdist IGKV1S18*01 12.000 16.000 7.000 6.000 15.000 6.000 17.000 4.000 22.000 0.000 8.000 9.000 7.000 6.000 19.000 7.000 7.000 7.000 7.000 20.000 21.000 20.000 23.000 23.000 23.000 7.000 7.000 24.000 4.000 22.000 20.000 25.000 24.000 20.000 23.000 6.000 0.000 22.000 30.000 0.000 0.000 26.000 0.000 23.000 14.000 4.000 19.000 6.000 7.000 7.000 7.000 7.000 14.000 20.000 6.000 20.000 0.000 21.000 7.000 4.000 5.000 19.000 4.000 19.000 0.000 20.000 7.000 0.000 35.000 35.000 48.000 43.000 51.000 46.000 50.000 47.000 48.000 46.000 47.000 71.000 63.000 67.000 71.000 72.000 67.000 83.000 84.000 84.000 84.000 83.000 83.000 80.000 83.000 59.000 61.000 62.000 61.000 59.000 61.000
VAdist IGKV1S19*01 13.000 20.000 8.000 8.000 19.000 8.000 11.000 8.000 18.000 8.000 0.000 7.000 7.000 8.000 15.000 8.000 8.000 8.000 8.000 24.000 17.000 24.000 24.000 27.000 27.000 8.000 8.000 20.000 8.000 26.000 24.000 26.000 24.000 24.000 23.000 8.000 8.000 22.000 31.000 8.000 8.000 30.000 8.000 27.000 18.000 8.000 15.000 8.000 8.000 8.000 8.000 8.000 14.000 24.000 8.000 24.000 8.000 25.000 8.000 8.000 8.000 15.000 8.000 23.000 8.000 24.000 8.000 8.000 43.000 43.000 48.000 39.000 51.000 50.000 50.000 47.000 48.000 50.000 47.000 71.000 67.000 67.000 71.000 72.000 67.000 83.000 84.000 84.000 84.000 83.000 83.000 80.000 82.000 63.000 65.000 66.000 65.000 67.000 65.000
VAdist IGKV1S2*01 14.000 18.000 11.000 7.000 17.000 7.000 14.000 11.000 22.000 9.000 7.000 0.000 2.000 7.000 19.000 11.000 11.000 11.000 11.000 24.000 21.000 24.000 24.000 25.000 25.000 11.000 11.000 20.000 11.000 26.000 24.000 26.000 24.000 24.000 19.000 7.000 9.000 22.000 31.000 9.000 9.000 29.000 9.000 27.000 17.000 11.000 19.000 7.000 11.000 11.000 11.000 11.000 17.000 24.000 7.000 24.000 9.000 25.000 11.000 9.000 7.000 19.000 11.000 21.000 9.000 24.000 11.000 9.000 41.000 41.000 48.000 43.000 51.000 48.000 50.000 47.000 48.000 48.000 47.000 71.000 65.000 67.000 71.000 72.000 67.000 83.000 84.000 84.000 84.000 83.000 83.000 80.000 83.000 61.000 61.000 62.000 61.000 63.000 61.000
VAdist IGKV1S2*02 14.000 16.000 11.000 9.000 15.000 9.000 14.000 11.000 22.000 7.000 7.000 2.000 0.000 9.000 19.000 11.000 11.000 11.000 11.000 24.000 21.000 24.000 24.000 23.000 23.000 11.000 11.000 20.000 11.000 26.000 24.000 26.000 24.000 24.000 21.000 9.000 7.000 22.000 31.000 7.000 7.000 27.000 7.000 27.000 15.000 11.000 19.000 9.000 11.000 11.000 11.000 11.000 17.000 24.000 9.000 24.000 7.000 25.000 11.000 7.000 9.000 19.000 11.000 19.000 7.000 24.000 11.000 7.000 39.000 39.000 48.000 43.000 51.000 46.000 50.000 47.000 48.000 46.000 47.000 71.000 63.000 67.000 71.000 72.000 67.000 83.000 84.000 84.000 84.000 83.000 83.000 80.000 83.000 59.000 59.000 60.000 59.000 61.000 59.000
VAdist IGKV1S20*01 13.000 18.000 8.000 0.000 17.000 0.000 17.000 8.000 22.000 6.000 8.000 7.000 9.000 0.000 15.000 8.000 8.000 8.000 8.000 24.000 17.000 24.000 24.000 25.000 25.000 8.000 8.000 24.000 8.000 26.000 24.000 26.000 24.000 24.000 21.000 0.000 6.000 22.000 31.000 6.000 6.000 29.000 6.000 27.000 12.000 8.000 15.000 0.000 8.000 8.000 8.000 8.000 14.000 24.000 0.000 24.000 6.000 25.000 8.000 2.000 4.000 15.000 8.000 21.000 6.000 24.000 8.000 6.000 41.000 41.000 48.000 43.000 51.000 48.000 51.000 47.000 48.000 48.000 47.000 71.000 65.000 67.000 71.000 72.000 67.000 83.000 84.000 84.000 84.000 83.000 83.000 80.000 83.000 61.000 64.000 65.000 64.000 65.000 64.000
VAdist IGKV1S21*01 21.000 15.000 19.000 15.000 16.000 15.000 23.000 19.000 7.000 19.000 15.000 19.000 19.000 15.000 0.000 19.000 19.000 19.000 19.000 16.000 2.000 16.000 16.000 16.000 16.000 19.000 19.000 13.000 19.000 18.000 16.000 18.000 16.000 16.000 14.000 15.000 19.000 11.000 23.000 19.000 19.000 22.000 19.000 16.000 22.000 19.000 0.000 15.000 19.000 19.000 19.000 19.000 25.000 16.000 15.000 16.000 19.000 17.000 19.000 15.000 19.000 0.000 19.000 12.000 19.000 16.000 19.000 19.000 43.000 43.000 47.000 42.000 50.000 42.000 40.000 36.000 40.000 42.000 36.000 68.000 62.000 62.000 68.000 68.000 64.000 80.000 84.000 84.000 84.000 80.000 80.000 83.000 79.000 62.000 67.000 67.000 67.000 67.000 67.000
VAdist IGKV1S22*01 13.000 20.000 0.000 8.000 19.000 8.000 17.000 3.000 22.000 7.000 8.000 11.000 11.000 8.000 19.000 0.000 0.000 0.000 0.000 22.000 21.000 22.000 19.000 27.000 27.000 0.000 0.000 24.000 3.000 24.000 22.000 21.000 23.000 22.000 25.000 8.000 7.000 22.000 27.000 7.000 7.000 26.000 7.000 26.000 18.000 3.000 19.000 8.000 0.000 0.000 0.000 0.000 10.000 22.000 8.000 22.000 7.000 24.000 0.000 8.000 4.000 19.000 3.000 23.000 7.000 22.000 0.000 7.000 42.000 42.000 48.000 43.000 51.000 50.000 51.000 47.000 47.000 50.000 47.000 71.000 67.000 67.000 71.000 72.000 67.000 83.000 84.000 84.000 84.000 83.000 83.000 80.000 83.000 63.000 66.000 67.000 66.000 66.000 66.000
VAdist IGKV1S23*01 13.000 20.000 0.000 8.000 19.000 8.000 17.000 3.000 22.000 7.000 8.000 11.000 11.000 8.000 19.000 0.000 0.000 0.000 0.000 22.000 21.000 22.000 19.000 27.000 27.000 0.000 0.000 24.000 3.000 24.000 22.000 21.000 23.000 22.000 25.000 8.000 7.000 22.000 27.000 7.000 7.000 26.000 7.000 26.000 18.000 3.000 19.000 8.000 0.000 0.000 0.000 0.000 10.000 22.000 8.000 22.000 7.000 24.000 0.000 8.000 4.000 19.000 3.000 23.000 7.000 22.000 0.000 7.000 42.000 42.000 48.000 43.000 51.000 50.000 51.000 47.000 47.000 50.000 47.000 71.000 67.000 67.000 71.000 72.000 67.000 83.000 84.000 84.000 84.000 83.000 83.000 80.000 83.000 63.000 66.000 67.000 66.000 66.000 66.000
VAdist IGKV1S24*01 13.000 20.000 0.000 8.000 19.000 8.000 17.000 3.000 22.000 7.000 8.000 11.000 11.000 8.000 19.000 0.000 0.000 0.000 0.000 22.000 21.000 22.000 19.000 27.000 27.000 0.000 0.000 24.000 3.000 24.000 22.000 21.000 23.000 22.000 25.000 8.000 7.000 22.000 27.000 7.000 7.000 26.000 7.000 26.000 18.000 3.000 19.000 8.000 0.000 0.000 0.000 0.000 10.000 22.000 8.000 22.000 7.000 24.000 0.000 8.000 4.000 19.000 3.000 23.000 7.000 22.000 0.000 7.000 42.000 42.000 48.000 43.000 51.000 50.000 51.000 47.000 47.000 50.000 47.000 71.000 67.000 67.000 71.000 72.000 67.000 83.000 84.000 84.000 84.000 83.000 83.000 80.000 83.000 63.000 66.000 67.000 66.000 66.000 66.000
VAdist IGKV1S25*01 13.000 20.000 0.000 8.000 19.000 8.000 17.000 3.000 22.000 7.000 8.000 11.000 11.000 8.000 19.000 0.000 0.000 0.000 0.000 22.000 21.000 22.000 19.000 27.000 27.000 0.000 0.000 24.000 3.000 24.000 22.000 21.000 23.000 22.000 25.000 8.000 7.000 22.000 27.000 7.000 7.000 26.000 7.000 26.000 18.000 3.000 19.000 8.000 0.000 0.000 0.000 0.000 10.000 22.000 8.000 22.000 7.000 24.000 0.000 8.000 4.000 19.000 3.000 23.000 7.000 22.000 0.000 7.000 42.000 42.000 48.000 43.000 51.000 50.000 51.000 47.000 47.000 50.000 47.000 71.000 67.000 67.000 71.000 72.000 67.000 83.000 84.000 84.000 84.000 83.000 83.000 80.000 83.000 63.000 66.000 67.000 66.000 66.000 66.000
VAdist IGKV1S26*01 25.000 12.000 22.000 24.000 24.000 24.000 29.000 19.000 17.000 20.000 24.000 24.000 24.000 24.000 16.000 22.000 22.000 22.000 22.000 0.000 18.000 0.000 3.000 16.000 16.000 22.000 22.000 15.000 19.000 2.000 0.000 5.000 4.000 0.000 14.000 24.000 20.000 15.000 18.000 20.000 20.000 17.000 20.000 12.000 31.000 19.000 16.000 24.000 22.000 22.000 22.000 22.000 29.000 0.000 24.000 0.000 20.000 7.000 22.000 24.000 23.000 16.000 19.000 12.000 20.000 0.000 22.000 20.000 39.000 39.000 51.000 44.000 48.000 39.000 43.000 40.000 40.000 39.000 40.000 68.000 63.000 63.000 68.000 64.000 64.000 84.000 84.000 84.000 84.000 84.000 84.000 84.000 84.000 66.000 66.000 66.000 66.000 63.000 66.000
VAdist IGKV1S27*01 23.000 17.000 21.000 17.000 18.000 17.000 25.000 21.000 5.000 21.000 17.000 21.000 21.000 17.000 2.000 21.000 21.000 21.000 21.000 18.000 0.000 18.000 18.000 14.000 14.000 21.000 21.000 15.000 21.000 16.000 18.000 16.000 18.000 18.000 16.000 17.000 21.000 9.000 21.000 21.000 21.000 24.000 21.000 14.000 24.000 21.000 2.000 17.000 21.000 21.000 21.000 21.000 23.000 18.000 17.000 18.000 21.000 19.000 21.000 17.000 21.000 2.000 21.000 14.000 21.000 18.000 21.000 21.000 43.000 43.000 47.000 42.000 50.000 42.000 40.000 36.000 40.000 42.000 36.000 66.000 60.000 60.000 66.000 66.000 62.000 80.000 84.000 84.000 84.000 80.000 80.000 83.000 79.000 62.000 67.000 67.000 67.000 67.000 67.000
VAdist IGKV1S28*01 25.000 12.000 22.000 24.000 24.000 24.000 29.000 19.000 17.000 20.000 24.000 24.000 24.000 24.000 16.000 22.000 22.000 22.000 22.000 0.000 18.000 0.000 3.000 16.000 16.000 22.000 22.000 15.000 19.000 2.000 0.000 5.000 4.000 0.000 14.000 24.000 20.000 15.000 18.000 20.000 20.000 17.000 20.000 12.000 31.000 19.000 16.000 24.000 22.000 22.000 22.000 22.000 29.000 0.000 24.000 0.000 20.000 7.000 22.000 24.000 23.000 16.000 19.000 12.000 20.000 0.000 22.000 20.000 39.000 39.000 51.000 44.000 48.000 39.000 43.000 40.000 40.000 39.000 40.000 68.000 63.000 63.000 68.000 64.000 64.000 84.000 84.000 84.000 84.000 84.000 84.000 84.000 84.000 66.000 66.000 66.000 66.000 63.000 66.000
VAdist IGKV1S29*01 26.000 12.000 19.000 24.000 24.000 24.000 29.000 22.000 17.000 23.000 24.000 24.000 24.000 24.000 16.000 19.000 19.000 19.000 19.000 3.000 18.000 3.000 0.000 16.000 16.000 19.000 19.000 15.000 22.000 5.000 3.000 2.000 4.000 3.000 14.000 24.000 23.000 15.000 15.000 23.000 23.000 14.000 23.000 15.000 31.000 22.000 16.000 24.000 19.000 19.000 19.000 19.000 29.000 3.000 24.000 3.000 23.000 10.000 19.000 24.000 20.000 16.000 22.000 12.000 23.000 3.000 19.000 23.000 42.000 42.000 51.000 44.000 48.000 39.000 44.000 40.000 40.000 39.000 40.000 68.000 63.000 63.000 68.000 64.000 64.000 84.000 84.000 84.000 84.000 84.000 84.000 84.000 84.000 66.000 67.000 67.000 67.000 66.000 67.000
VAdist IGKV1S3*01 25.000 11.000 27.000 25.000 20.000 25.000 28.000 27.000 9.000 23.000 27.000 25.000 23.000 25.000 16.000 27.000 27.000 27.000 27.000 16.000 14.000 16.000 16.000 0.000 0.000 27.000 27.000 15.000 27.000 14.000 16.000 14.000 16.000 16.000 8.000 25.000 23.000 13.000 15.000 23.000 23.000 15.000 23.000 8.000 30.000 27.000 16.000 25.000 27.000 27.000 27.000 27.000 29.000 16.000 25.000 16.000 23.000 19.000 27.000 23.000 25.000 16.000 27.000 8.000 23.000 16.000 27.000 23.000 39.000 39.000 46.000 43.000 43.000 35.000 40.000 36.000 40.000 35.000 36.000 66.000 56.000 60.000 66.000 66.000 62.000 76.000 80.000 80.000 80.000 76.000 76.000 79.000 76.000 61.000 63.000 63.000 63.000 63.000 63.000
VAdist IGKV1S3*02 25.000 11.000 27.000 25.000 20.000 25.000 28.000 27.000 9.000 23.000 27.000 25.000 23.000 25.000 16.000 27.000 27.000 27.000 27.000 16.000 14.000 16.000 16.000 0.000 0.000 27.000 27.000 15.000 27.000 14.000 16.000 14.000 16.000 16.000 8.000 25.000 23.000 13.000 15.000 23.000 23.000 15.000 23.000 8.000 30.000 27.000 16.000 25.000 27.000 27.000 27.000 27.000 29.000 16.000 25.000 16.000 23.000 19.000 27.000 23.000 25.000 16.000 27.000 8.000 23.000 16.000 27.000 23.000 39.000 39.000 46.000 43.000 43.000 35.000 40.000 36.000 40.000 35.000 36.000 66.000 56.000 60.000 66.000 66.000 62.000 76.000 80.000 80.000 80.000 76.000 76.000 79.000 76.000 61.000 63.000 63.000 63.000 63.000 63.000
VAdist IGKV1S30*01 13.000 20.000 0.000 8.000 19.000 8.000 17.000 3.000 22.000 7.000 8.000 11.000 11.000 8.000 19.000 0.000 0.000 0.000 0.000 22.000 21.000 22.000 19.000 27.000 27.000 0.000 0.000 24.000 3.000 24.000 22.000 21.000 23.000 22.000 25.000 8.000 7.000 22.000 27.000 7.000 7.000 26.000 7.000 26.000 18.000 3.000 19.000 8.000 0.000 0.000 0.000 0.000 10.000 22.000 8.000 22.000 7.000 24.000 0.000 8.000 4.000 19.000 3.000 23.000 7.000 22.000 0.000 7.000 42.000 42.000 48.000 43.000 51.000 50.000 51.000 47.000 47.000 50.000 47.000 71.000 67.000 67.000 71.000 72.000 67.000 83.000 84.000 84.000 84.000 83.000 83.000 80.000 83.000 63.000 66.000 67.000 66.000 66.000 66.000
VAdist IGKV1S31*01 13.000 20.000 0.000 8.000 19.000 8.000 17.000 3.000 22.000 7.000 8.000 11.000 11.000 8.000 19.000 0.000 0.000 0.000 0.000 22.000 21.000 22.000 19.000 27.000 27.000 0.000 0.000 24.000 3.000 24.000 22.000 21.000 23.000 22.000 25.000 8.000 7.000 22.000 27.000 7.000 7.000 26.000 7.000 26.000 18.000 3.000 19.000 8.000 0.000 0.000 0.000 0.000 10.000 22.000 8.000 22.000 7.000 24.000 0.000 8.000 4.000 19.000 3.000 23.000 7.000 22.000 0.000 7.000 42.000 42.000 48.000 43.000 51.000 50.000 51.000 47.000 47.000 50.000 47.000 71.000 67.000 67.000 71.000 72.000 67.000 83.000 84.000 84.000 84.000 83.000 83.000 80.000 83.000 63.000 66.000 67.000 66.000 66.000 66.000
VAdist IGKV1S32*01 26.000 14.000 24.000 24.000 21.000 24.000 25.000 24.000 14.000 24.000 20.000 20.000 20.000 24.000 13.000 24.000 24.000 24.000 24.000 15.000 15.000 15.000 15.000 15.000 15.000 24.000 24.000 0.000 24.000 17.000 15.000 17.000 15.000 15.000 11.000 24.000 24.000 14.000 22.000 24.000 24.000 21.000 24.000 15.000 31.000 24.000 13.000 24.000 24.000 24.000 24.000 24.000 30.000 15.000 24.000 15.000 24.000 12.000 24.000 24.000 24.000 13.000 24.000 11.000 24.000 15.000 24.000 24.000 43.000 43.000 47.000 46.000 46.000 42.000 35.000 32.000 39.000 42.000 32.000 68.000 62.000 62.000 68.000 68.000 64.000 80.000 84.000 84.000 84.000 80.000 80.000 83.000 80.000 66.000 66.000 66.000 66.000 67.000 66.000
VAdist IGKV1S33*01 12.000 20.000 3.000 8.000 19.000 8.000 17.000 0.000 22.000 4.000 8.000 11.000 11.000 8.000 19.000 3.000 3.000 3.000 3.000 19.000 21.000 19.000 22.000 27.000 27.000 3.000 3.000 24.000 0.000 21.000 19.000 24.000 23.000 19.000 25.000 8.000 4.000 22.000 30.000 4.000 4.000 29.000 4.000 23.000 18.000 0.000 19.000 8.000 3.000 3.000 3.000 3.000 10.000 19.000 8.000 19.000 4.000 21.000 3.000 8.000 7.000 19.000 0.000 23.000 4.000 19.000 3.000 4.000 39.000 39.000 48.000 43.000 51.000 50.000 50.000 47.000 47.000 50.000 47.000 71.000 67.000 67.000 71.000 72.000 67.000 83.000 84.000 84.000 84.000 83.000 83.000 80.000 83.000 63.000 65.000 66.000 65.000 63.000 65.000
VAdist IGKV1S34*01 27.000 14.000 24.000 26.000 26.000 26.000 31.000 21.000 15.000 22.000 26.000 26.000 26.000 26.000 18.000 24.000 24.000 24.000 24.000 2.000 16.000 2.000 5.000 14.000 14.000 24.000 24.000 17.000 21.000 0.000 2.000 3.000 6.000 2.000 16.000 26.000 22.000 13.000 16.000 22.000 22.000 19.000 22.000 10.000 33.000 21.000 18.000 26.000 24.000 24.000 24.000 24.000 27.000 2.000 26.000 2.000 22.000 9.000 24.000 26.000 25.000 18.000 21.000 14.000 22.000 2.000 24.000 22.000 39.000 39.000 51.000 44.000 48.000 39.000 43.000 40.000 40.000 39.000 40.000 66.000 61.000 61.000 66.000 62.000 62.000 84.000 84.000 84.000 84.000 84.000 84.000 84.000 84.000 66.000 66.000 66.000 66.000 63.000 66.000
VAdist IGKV1S35*01 25.000 12.000 22.000 24.000 24.000 24.000 29.000 19.000 17.000 20.000 24.000 24.000 24.000 24.000 16.000 22.000 22.000 22.000 22.000 0.000 18.000 0.000 3.000 16.000 16.000 22.000 22.000 15.000 19.000 2.000 0.000 5.000 4.000 0.000 14.000 24.000 20.000 15.000 18.000 20.000 20.000 17.000 20.000 12.000 31.000 19.000 16.000 24.000 22.000 22.000 22.000 22.000 29.000 0.000 24.000 0.000 20.000 7.000 22.000 24.000 23.000 16.000 19.000 12.000 20.000 0.000 22.000 20.000 39.000 39.000 51.000 44.000 48.000 39.000 43.000 40.000 40.000 39.000 40.000 68.000 63.000 63.000 68.000 64.000 64.000 84.000 84.000 84.000 84.000 84.000 84.000 84.000 84.000 66.000 66.000 66.000 66.000 63.000 66.000
VAdist IGKV1S36*01 28.000 14.000 21.000 26.000 26.000 26.000 31.000 24.000 15.000 25.000 26.000 26.000 26.000 26.000 18.000 21.000 21.000 21.000 21.000 5.000 16.000 5.000 2.000 14.000 14.000 21.000 21.000 17.000 24.000 3.000 5.000 0.000 6.000 5.000 16.000 26.000 25.000 13.000 13.000 25.000 25.000 16.000 25.000 13.000 33.000 24.000 18.000 26.000 21.000 21.000 21.000 21.000 27.000 5.000 26.000 5.000 25.000 12.000 21.000 26.000 22.000 18.000 24.000 14.000 25.000 5.000 21.000 25.000 42.000 42.000 51.000 44.000 48.000 39.000 44.000 40.000 40.000 39.000 40.000 66.000 61.000 61.000 66.000 62.000 62.000 84.000 84.000 84.000 84.000 84.000 84.000 84.000 84.000 66.000 67.000 67.000 67.000 66.000 67.000
VAdist IGKV1S37*01 26.000 8.000 23.000 24.000 20.000 24.000 29.000 23.000 17.000 24.000 24.000 24.000 24.000 24.000 16.000 23.000 23.000 23.000 23.000 4.000 18.000 4.000 4.000 16.000 16.000 23.000 23.000 15.000 23.000 6.000 4.000 6.000 0.000 4.000 14.000 24.000 24.000 15.000 19.000 24.000 24.000 18.000 24.000 16.000 31.000 23.000 16.000 24.000 23.000 23.000 23.000 23.000 27.000 4.000 24.000 4.000 24.000 11.000 23.000 24.000 24.000 16.000 23.000 8.000 24.000 4.000 23.000 24.000 43.000 43.000 51.000 40.000 48.000 35.000 44.000 36.000 36.000 35.000 36.000 68.000 63.000 63.000 68.000 64.000 64.000 84.000 84.000 84.000 84.000 84.000 84.000 84.000 84.000 65.000 67.000 67.000 67.000 67.000 67.000
VAdist IGKV1S39*01 25.000 12.000 22.000 24.000 24.000 24.000 29.000 19.000 17.000 20.000 24.000 24.000 24.000 24.000 16.000 22.000 22.000 22.000 22.000 0.000 18.000 0.000 3.000 16.000 16.000 22.000 22.000 15.000 19.000 2.000 0.000 5.000 4.000 0.000 14.000 24.000 20.000 15.000 18.000 20.000 20.000 17.000 20.000 12.000 31.000 19.000 16.000 24.000 22.000 22.000 22.000 22.000 29.000 0.000 24.000 0.000 20.000 7.000 22.000 24.000 23.000 16.000 19.000 12.000 20.000 0.000 22.000 20.000 39.000 39.000 51.000 44.000 48.000 39.000 43.000 40.000 40.000 39.000 40.000 68.000 63.000 63.000 68.000 64.000 64.000 84.000 84.000 84.000 84.000 84.000 84.000 84.000 84.000 66.000 66.000 66.000 66.000 63.000 66.000
VAdist IGKV1S4*01 23.000 11.000 25.000 21.000 20.000 21.000 24.000 25.000 15.000 23.000 23.000 19.000 21.000 21.000 14.000 25.000 25.000 25.000 25.000 14.000 16.000 14.000 14.000 8.000 8.000 25.000 25.000 11.000 25.000 16.000 14.000 16.000 14.000 14.000 0.000 21.000 23.000 15.000 17.000 23.000 23.000 15.000 23.000 10.000 30.000 25.000 14.000 21.000 25.000 25.000 25.000 25.000 30.000 14.000 21.000 14.000 23.000 17.000 25.000 23.000 21.000 14.000 25.000 8.000 23.000 14.000 25.000 23.000 41.000 41.000 50.000 43.000 47.000 37.000 40.000 36.000 40.000 37.000 36.000 68.000 60.000 62.000 68.000 68.000 64.000 80.000 84.000 84.000 84.000 80.000 80.000 83.000 80.000 61.000 65.000 65.000 65.000 65.000 65.000
VAdist IGKV1S40*01 13.000 18.000 8.000 0.000 17.000 0.000 17.000 8.000 22.000 6.000 8.000 7.000 9.000 0.000 15.000 8.000 8.000 8.000 8.000 24.000 17.000 24.000 24.000 25.000 25.000 8.000 8.000 24.000 8.000 26.000 24.000 26.000 24.000 24.000 21.000 0.000 6.000 22.000 31.000 6.000 6.000 29.000 6.000 27.000 12.000 8.000 15.000 0.000 8.000 8.000 8.000 8.000 14.000 24.000 0.000 24.000 6.000 25.000 8.000 2.000 4.000 15.000 8.000 21.000 6.000 24.000 8.000 6.000 41.000 41.000 48.000 43.000 51.000 48.000 51.000 47.000 48.000 48.000 47.000 71.000 65.000 67.000 71.000 72.000 67.000 83.000 84.000 84.000 84.000 83.000 83.000 80.000 83.000 61.000 64.000 65.000 64.000 65.000 64.000
VAdist IGKV1S41*01 12.000 16.000 7.000 6.000 15.000 6.000 17.000 4.000 22.000 0.000 8.000 9.000 7.000 6.000 19.000 7.000 7.000 7.000 7.000 20.000 21.000 20.000 23.000 23.000 23.000 7.000 7.000 24.000 4.000 22.000 20.000 25.000 24.000 20.000 23.000 6.000 0.000 22.000 30.000 0.000 0.000 26.000 0.000 23.000 14.000 4.000 19.000 6.000 7.000 7.000 7.000 7.000 14.000 20.000 6.000 20.000 0.000 21.000 7.000 4.000 5.000 19.000 4.000 19.000 0.000 20.000 7.000 0.000 35.000 35.000 48.000 43.000 51.000 46.000 50.000 47.000 48.000 46.000 47.000 71.000 63.000 67.000 71.000 72.000 67.000 83.000 84.000 84.000 84.000 83.000 83.000 80.000 83.000 59.000 61.000 62.000 61.000 59.000 61.000
VAdist IGKV1S42*01 24.000 16.000 22.000 22.000 19.000 22.000 27.000 22.000 8.000 22.000 22.000 22.000 22.000 22.000 11.000 22.000 22.000 22.000 22.000 15.000 9.000 15.000 15.000 13.000 13.000 22.000 22.000 14.000 22.000 13.000 15.000 13.000 15.000 15.000 15.000 22.000 22.000 0.000 20.000 22.000 22.000 23.000 22.000 13.000 29.000 22.000 11.000 22.000 22.000 22.000 22.000 22.000 24.000 15.000 22.000 15.000 22.000 18.000 22.000 22.000 22.000 11.000 22.000 13.000 22.000 15.000 22.000 22.000 43.000 43.000 47.000 46.000 50.000 42.000 40.000 36.000 40.000 42.000 36.000 62.000 56.000 56.000 62.000 62.000 58.000 80.000 84.000 84.000 84.000 80.000 80.000 83.000 80.000 62.000 67.000 67.000 67.000 67.000 67.000
VAdist IGKV1S44*01 29.000 19.000 27.000 31.000 31.000 31.000 32.000 30.000 20.000 30.000 31.000 31.000 31.000 31.000 23.000 27.000 27.000 27.000 27.000 18.000 21.000 18.000 15.000 15.000 15.000 27.000 27.000 22.000 30.000 16.000 18.000 13.000 19.000 18.000 17.000 31.000 30.000 20.000 0.000 30.000 30.000 13.000 30.000 14.000 32.000 30.000 23.000 31.000 27.000 27.000 27.000 27.000 33.000 18.000 31.000 18.000 30.000 21.000 27.000 31.000 27.000 23.000 30.000 19.000 30.000 18.000 27.000 30.000 45.000 45.000 50.000 47.000 48.000 39.000 44.000 40.000 40.000 39.000 40.000 66.000 62.000 62.000 66.000 66.000 62.000 80.000 84.000 84.000 84.000 80.000 80.000 80.000 84.000 66.000 67.000 67.000 67.000 66.000 67.000
VAdist IGKV1S45*01 12.000 16.000 7.000 6.000 15.000 6.000 17.000 4.000 22.000 0.000 8.000 9.000 7.000 6.000 19.000 7.000 7.000 7.000 7.000 20.000 21.000 20.000 23.000 23.000 23.000 7.000 7.000 24.000 4.000 22.000 20.000 25.000 24.000 20.000 23.000 6.000 0.000 22.000 30.000 0.000 0.000 26.000 0.000 23.000 14.000 4.000 19.000 6.000 7.000 7.000 7.000 7.000 14.000 20.000 6.000 20.000 0.000 21.000 7.000 4.000 5.000 19.000 4.000 19.000 0.000 20.000 7.000 0.000 35.000 35.000 48.000 43.000 51.000 46.000 50.000 47.000 48.000 46.000 47.000 71.000 63.000 67.000 71.000 72.000 67.000 83.000 84.000 84.000 84.000 83.000 83.000 80.000 83.000 59.000 61.000 62.000 61.000 59.000 61.000
VAdist IGKV1S46*01 12.000 16.000 7.000 6.000 15.000 6.000 17.000 4.000 22.000 0.000 8.000 9.000 7.000 6.000 19.000 7.000 7.000 7.000 7.000 20.000 21.000 20.000 23.000 23.000 23.000 7.000 7.000 24.000 4.000 22.000 20.000 25.000 24.000 20.000 23.000 6.000 0.000 22.000 30.000 0.000 0.000 26.000 0.000 23.000 14.000 4.000 19.000 6.000 7.000 7.000 7.000 7.000 14.000 20.000 6.000 20.000 0.000 21.000 7.000 4.000 5.000 19.000 4.000 19.000 0.000 20.000 7.000 0.000 35.000 35.000 48.000 43.000 51.000 46.000 50.000 47.000 48.000 46.000 47.000 71.000 63.000 67.000 71.000 72.000 67.000 83.000 84.000 84.000 84.000 83.000 83.000 80.000 83.000 59.000 61.000 62.000 61.000 59.000 61.000
VAdist IGKV1S47*01 28.000 15.000 26.000 29.000 27.000 29.000 31.000 29.000 23.000 26.000 30.000 29.000 27.000 29.000 22.000 26.000 26.000 26.000 26.000 17.000 24.000 17.000 14.000 15.000 15.000 26.000 26.000 21.000 29.000 19.000 17.000 16.000 18.000 17.000 15.000 29.000 26.000 23.000 13.000 26.000 26.000 0.000 26.000 17.000 30.000 29.000 22.000 29.000 26.000 26.000 26.000 26.000 36.000 17.000 29.000 17.000 26.000 20.000 26.000 27.000 25.000 22.000 29.000 15.000 26.000 17.000 26.000 26.000 42.000 42.000 47.000 48.000 48.000 36.000 44.000 40.000 36.000 36.000 40.000 64.000 61.000 64.000 64.000 66.000 60.000 84.000 80.000 80.000 83.000 84.000 84.000 84.000 84.000 63.000 62.000 60.000 62.000 59.000 62.000
VAdist IGKV1S48*01 12.000 16.000 7.000 6.000 15.000 6.000 17.000 4.000 22.000 0.000 8.000 9.000 7.000 6.000 19.000 7.000 7.000 7.000 7.000 20.000 21.000 20.000 23.000 23.000 23.000 7.000 7.000 24.000 4.000 22.000 20.000 25.000 24.000 20.000 23.000 6.000 0.000 22.000 30.000 0.000 0.000 26.000 0.000 23.000 14.000 4.000 19.000 6.000 7.000 7.000 7.000 7.000 14.000 20.000 6.000 20.000 0.000 21.000 7.000 4.000 5.000 19.000 4.000 19.000 0.000 20.000 7.000 0.000 35.000 35.000 48.000 43.000 51.000 46.000 50.000 47.000 48.000 46.000 47.000 71.000 63.000 67.000 71.000 72.000 67.000 83.000 84.000 84.000 84.000 83.000 83.000 80.000 83.000 59.000 61.000 62.000 61.000 59.000 61.000
VAdist IGKV1S49*01 20.000 15.000 26.000 27.000 24.000 27.000 28.000 23.000 13.000 23.000 27.000 27.000 27.000 27.000 16.000 26.000 26.000 26.000 26.000 12.000 14.000 12.000 15.000 8.000 8.000 26.000 26.000 15.000 23.000 10.000 12.000 13.000 16.000 12.000 10.000 27.000 23.000 13.000 14.000 23.000 23.000 17.000 23.000 0.000 34.000 23.000 16.000 27.000 26.000 26.000 26.000 26.000 29.000 12.000 27.000 12.000 23.000 11.000 26.000 27.000 26.000 16.000 23.000 12.000 23.000 12.000 26.000 23.000 39.000 39.000 50.000 43.000 47.000 39.000 39.000 36.000 40.000 39.000 36.000 66.000 60.000 60.000 66.000 66.000 62.000 80.000 84.000 84.000 84.000 80.000 80.000 83.000 80.000 65.000 66.000 66.000 66.000 63.000 66.000
VAdist IGKV1S5*01 17.000 23.000 18.000 12.000 22.000 12.000 21.000 18.000 29.000 14.000 18.000 17.000 15.000 12.000 22.000 18.000 18.000 18.000 18.000 31.000 24.000 31.000 31.000 30.000 30.000 18.000 18.000 31.000 18.000 33.000 31.000 33.000 31.000 31.000 30.000 12.000 14.000 29.000 32.000 14.000 14.000 30.000 14.000 34.000 0.000 18.000 22.000 12.000 18.000 18.000 18.000 18.000 24.000 31.000 12.000 31.000 14.000 32.000 18.000 10.000 16.000 22.000 18.000 26.000 14.000 31.000 18.000 14.000 42.000 42.000 47.000 50.000 51.000 46.000 51.000 47.000 48.000 46.000 47.000 71.000 64.000 68.000 71.000 72.000 67.000 83.000 84.000 84.000 84.000 83.000 83.000 80.000 83.000 59.000 62.000 63.000 62.000 63.000 62.000
VAdist IGKV1S50*01 12.000 20.000 3.000 8.000 19.000 8.000 17.000 0.000 22.000 4.000 8.000 11.000 11.000 8.000 19.000 3.000 3.000 3.000 3.000 19.000 21.000 19.000 22.000 27.000 27.000 3.000 3.000 24.000 0.000 21.000 19.000 24.000 23.000 19.000 25.000 8.000 4.000 22.000 30.000 4.000 4.000 29.000 4.000 23.000 18.000 0.000 19.000 8.000 3.000 3.000 3.000 3.000 10.000 19.000 8.000 19.000 4.000 21.000 3.000 8.000 7.000 19.000 0.000 23.000 4.000 19.000 3.000 4.000 39.000 39.000 48.000 43.000 51.000 50.000 50.000 47.000 47.000 50.000 47.000 71.000 67.000 67.000 71.000 72.000 67.000 83.000 84.000 84.000 84.000 83.000 83.000 80.000 83.000 63.000 65.000 66.000 65.000 63.000 65.000
VAdist IGKV1S51*01 21.000 15.000 19.000 15.000 16.000 15.000 23.000 19.000 7.000 19.000 15.000 19.000 19.000 15.000 0.000 19.000 19.000 19.000 19.000 16.000 2.000 16.000 16.000 16.000 16.000 19.000 19.000 13.000 19.000 18.000 16.000 18.000 16.000 16.000 14.000 15.000 19.000 11.000 23.000 19.000 19.000 22.000 19.000 16.000 22.000 19.000 0.000 15.000 19.000 19.000 19.000 19.000 25.000 16.000 15.000 16.000 19.000 17.000 19.000 15.000 19.000 0.000 19.000 12.000 19.000 16.000 19.000 19.000 43.000 43.000 47.000 42.000 50.000 42.000 40.000 36.000 40.000 42.000 36.000 68.000 62.000 62.000 68.000 68.000 64.000 80.000 84.000 84.000 84.000 80.000 80.000 83.000 79.000 62.000 67.000 67.000 67.000 67.000 67.000
VAdist IGKV1S52*01 13.000 18.000 8.000 0.000 17.000 0.000 17.000 8.000 22.000 6.000 8.000 7.000 9.000 0.000 15.000 8.000 8.000 8.000 8.000 24.000 17.000 24.000 24.000 25.000 25.000 8.000 8.000 24.000 8.000 26.000 24.000 26.000 24.000 24.000 21.000 0.000 6.000 22.000 31.000 6.000 6.000 29.000 6.000 27.000 12.000 8.000 15.000 0.000 8.000 8.000 8.000 8.000 14.000 24.000 0.000 24.000 6.000 25.000 8.000 2.000 4.000 15.000 8.000 21.000 6.000 24.000 8.000 6.000 41.000 41.000 48.000 43.000 51.000 48.000 51.000 47.000 48.000 48.000 47.000 71.000 65.000 67.000 71.000 72.000 67.000 83.000 84.000 84.000 84.000 83.000 83.000 80.000 83.000 61.000 64.000 65.000 64.000 65.000 64.000
VAdist IGKV1S53*01 13.000 20.000 0.000 8.000 19.000 8.000 17.000 3.000 22.000 7.000 8.000 11.000 11.000 8.000 19.000 0.000 0.000 0.000 0.000 22.000 21.000 22.000 19.000 27.000 27.000 0.000 0.000 24.000 3.000 24.000 22.000 21.000 23.000 22.000 25.000 8.000 7.000 22.000 27.000 7.000 7.000 26.000 7.000 26.000 18.000 3.000 19.000 8.000 0.000 0.000 0.000 0.000 10.000 22.000 8.000 22.000 7.000 24.000 0.000 8.000 4.000 19.000 3.000 23.000 7.000 22.000 0.000 7.000 42.000 42.000 48.000 43.000 51.000 50.000 51.000 47.000 47.000 50.000 47.000 71.000 67.000 67.000 71.000 72.000 67.000 83.000 84.000 84.000 84.000 83.000 83.000 80.000 83.000 63.000 66.000 67.000 66.000 66.000 66.000
VAdist IGKV1S54*01 13.000 20.000 0.000 8.000 19.000 8.000 17.000 3.000 22.000 7.000 8.000 11.000 11.000 8.000 19.000 0.000 0.000 0.000 0.000 22.000 21.000 22.000 19.000 27.000 27.000 0.000 0.000 24.000 3.000 24.000 22.000 21.000 23.000 22.000 25.000 8.000 7.000 22.000 27.000 7.000 7.000 26.000 7.000 26.000 18.000 3.000 19.000 8.000 0.000 0.000 0.000 0.000 10.000 22.000 8.000 22.000 7.000 24.000 0.000 8.000 4.000 19.000 3.000 23.000 7.000 22.000 0.000 7.000 42.000 42.000 48.000 43.000 51.000 50.000 51.000 47.000 47.000 50.000 47.000 71.000 67.000 67.000 71.000 72.000 67.000 83.000 84.000 84.000 84.000 83.000 83.000 80.000 83.000 63.000 66.000 67.000 66.000 66.000 66.000
VAdist IGKV1S55*01 13.000 20.000 0.000 8.000 19.000 8.000 17.000 3.000 22.000 7.000 8.000 11.000 11.000 8.000 19.000 0.000 0.000 0.000 0.000 22.000 21.000 22.000 19.000 27.000 27.000 0.000 0.000 24.000 3.000 24.000 22.000 21.000 23.000 22.000 25.000 8.000 7.000 22.000 27.000 7.000 7.000 26.000 7.000 26.000 18.000 3.000 19.000 8.000 0.000 0.000 0.000 0.000 10.000 22.000 8.000 22.000 7.000 24.000 0.000 8.000 4.000 19.000 3.000 23.000 7.000 22.000 0.000 7.000 42.000 42.000 48.000 43.000 51.000 50.000 51.000 47.000 47.000 50.000 47.000 71.000 67.000 67.000 71.000 72.000 67.000 83.000 84.000 84.000 84.000 83.000 83.000 80.000 83.000 63.000 66.000 67.000 66.000 66.000 66.000
VAdist IGKV1S56*01 13.000 20.000 0.000 8.000 19.000 8.000 17.000 3.000 22.000 7.000 8.000 11.000 11.000 8.000 19.000 0.000 0.000 0.000 0.000 22.000 21.000 22.000 19.000 27.000 27.000 0.000 0.000 24.000 3.000 24.000 22.000 21.000 23.000 22.000 25.000 8.000 7.000 22.000 27.000 7.000 7.000 26.000 7.000 26.000 18.000 3.000 19.000 8.000 0.000 0.000 0.000 0.000 10.000 22.000 8.000 22.000 7.000 24.000 0.000 8.000 4.000 19.000 3.000 23.000 7.000 22.000 0.000 7.000 42.000 42.000 48.000 43.000 51.000 50.000 51.000 47.000 47.000 50.000 47.000 71.000 67.000 67.000 71.000 72.000 67.000 83.000 84.000 84.000 84.000 83.000 83.000 80.000 83.000 63.000 66.000 67.000 66.000 66.000 66.000
VAdist IGKV1S57*01 19.000 24.000 10.000 14.000 23.000 14.000 23.000 10.000 24.000 14.000 14.000 17.000 17.000 14.000 25.000 10.000 10.000 10.000 10.000 29.000 23.000 29.000 29.000 29.000 29.000 10.000 10.000 30.000 10.000 27.000 29.000 27.000 27.000 29.000 30.000 14.000 14.000 24.000 33.000 14.000 14.000 36.000 14.000 29.000 24.000 10.000 25.000 14.000 10.000 10.000 10.000 10.000 0.000 29.000 14.000 29.000 14.000 31.000 10.000 14.000 14.000 25.000 10.000 27.000 14.000 29.000 10.000 14.000 47.000 47.000 52.000 41.000 55.000 49.000 51.000 49.000 49.000 49.000 49.000 69.000 65.000 65.000 69.000 70.000 65.000 83.000 84.000 84.000 84.000 83.000 83.000 80.000 83.000 62.000 66.000 67.000 66.000 67.000 66.000
VAdist IGKV1S58*01 25.000 12.000 22.000 24.000 24.000 24.000 29.000 19.000 17.000 20.000 24.000 24.000 24.000 24.000 16.000 22.000 22.000 22.000 22.000 0.000 18.000 0.000 3.000 16.000 16.000 22.000 22.000 15.000 19.000 2.000 0.000 5.000 4.000 0.000 14.000 24.000 20.000 15.000 18.000 20.000 20.000 17.000 20.000 12.000 31.000 19.000 16.000 24.000 22.000 22.000 22.000 22.000 29.000 0.000 24.000 0.000 20.000 7.000 22.000 24.000 23.000 16.000 19.000 12.000 20.000 0.000 22.000 20.000 39.000 39.000 51.000 44.000 48.000 39.000 43.000 40.000 40.000 39.000 40.000 68.000 63.000 63.000 68.000 64.000 64.000 84.000 84.000 84.000 84.000 84.000 84.000 84.000 84.000 66.000 66.000 66.000 66.000 63.000 66.000
VAdist IGKV1S59*01 13.000 18.000 8.000 0.000 17.000 0.000 17.000 8.000 22.000 6.000 8.000 7.000 9.000 0.000 15.000 8.000 8.000 8.000 8.000 24.000 17.000 24.000 24.000 25.000 25.000 8.000 8.000 24.000 8.000 26.000 24.000 26.000 24.000 24.000 21.000 0.000 6.000 22.000 31.000 6.000 6.000 29.000 6.000 27.000 12.000 8.000 15.000 0.000 8.000 8.000 8.000 8.000 14.000 24.000 0.000 24.000 6.000 25.000 8.000 2.000 4.000 15.000 8.000 21.000 6.000 24.000 8.000 6.000 41.000 41.000 48.000 43.000 51.000 48.000 51.000 47.000 48.000 48.000 47.000 71.000 65.000 67.000 71.000 72.000 67.000 83.000 84.000 84.000 84.000 83.000 83.000 80.000 83.000 61.000 64.000 65.000 64.000 65.000 64.000
VAdist IGKV1S6*01 25.000 12.000 22.000 24.000 24.000 24.000 29.000 19.000 17.000 20.000 24.000 24.000 24.000 24.000 16.000 22.000 22.000 22.000 22.000 0.000 18.000 0.000 3.000 16.000 16.000 22.000 22.000 15.000 19.000 2.000 0.000 5.000 4.000 0.000 14.000 24.000 20.000 15.000 18.000 20.000 20.000 17.000 20.000 12.000 31.000 19.000 16.000 24.000 22.000 22.000 22.000 22.000 29.000 0.000 24.000 0.000 20.000 7.000 22.000 24.000 23.000 16.000 19.000 12.000 20.000 0.000 22.000 20.000 39.000 39.000 51.000 44.000 48.000 39.000 43.000 40.000 40.000 39.000 40.000 68.000 63.000 63.000 68.000 64.000 64.000 84.000 84.000 84.000 84.000 84.000 84.000 84.000 84.000 66.000 66.000 66.000 66.000 63.000 66.000
VAdist IGKV1S60*01 12.000 16.000 7.000 6.000 15.000 6.000 17.000 4.000 22.000 0.000 8.000 9.000 7.000 6.000 19.000 7.000 7.000 7.000 7.000 20.000 21.000 20.000 23.000 23.000 23.000 7.000 7.000 24.000 4.000 22.000 20.000 25.000 24.000 20.000 23.000 6.000 0.000 22.000 30.000 0.000 0.000 26.000 0.000 23.000 14.000 4.000 19.000 6.000 7.000 7.000 7.000 7.000 14.000 20.000 6.000 20.000 0.000 21.000 7.000 4.000 5.000 19.000 4.000 19.000 0.000 20.000 7.000 0.000 35.000 35.000 48.000 43.000 51.000 46.000 50.000 47.000 48.000 46.000 47.000 71.000 63.000 67.000 71.000 72.000 67.000 83.000 84.000 84.000 84.000 83.000 83.000 80.000 83.000 59.000 61.000 62.000 61.000 59.000 61.000
VAdist IGKV1S61*01 22.000 15.000 24.000 25.000 25.000 25.000 30.000 21.000 18.000 21.000 25.000 25.000 25.000 25.000 17.000 24.000 24.000 24.000 24.000 7.000 19.000 7.000 10.000 19.000 19.000 24.000 24.000 12.000 21.000 9.000 7.000 12.000 11.000 7.000 17.000 25.000 21.000 18.000 21.000 21.000 21.000 20.000 21.000 11.000 32.000 21.000 17.000 25.000 24.000 24.000 24.000 24.000 31.000 7.000 25.000 7.000 21.000 0.000 24.000 25.000 24.000 17.000 21.000 15.000 21.000 7.000 24.000 21.000 39.000 39.000 52.000 47.000 51.000 42.000 43.000 40.000 40.000 42.000 40.000 68.000 63.000 63.000 68.000 64.000 64.000 84.000 84.000 84.000 84.000 84.000 84.000 84.000 84.000 67.000 66.000 66.000 66.000 63.000 66.000
VAdist IGKV1S62*01 13.000 20.000 0.000 8.000 19.000 8.000 17.000 3.000 22.000 7.000 8.000 11.000 11.000 8.000 19.000 0.000 0.000 0.000 0.000 22.000 21.000 22.000 19.000 27.000 27.000 0.000 0.000 24.000 3.000 24.000 22.000 21.000 23.000 22.000 25.000 8.000 7.000 22.000 27.000 7.000 7.000 26.000 7.000 26.000 18.000 3.000 19.000 8.000 0.000 0.000 0.000 0.000 10.000 22.000 8.000 22.000 7.000 24.000 0.000 8.000 4.000 19.000 3.000 23.000 7.000 22.000 0.000 7.000 42.000 42.000 48.000 43.000 51.000 50.000 51.000 47.000 47.000 50.000 47.000 71.000 67.000 67.000 71.000 72.000 67.000 83.000 84.000 84.000 84.000 83.000 83.000 80.000 83.000 63.000 66.000 67.000 66.000 66.000 66.000
VAdist IGKV1S63*01 13.000 16.000 8.000 2.000 15.000 2.000 17.000 8.000 22.000 4.000 8.000 9.000 7.000 2.000 15.000 8.000 8.000 8.000 8.000 24.000 17.000 24.000 24.000 23.000 23.000 8.000 8.000 24.000 8.000 26.000 24.000 26.000 24.000 24.000 23.000 2.000 4.000 22.000 31.000 4.000 4.000 27.000 4.000 27.000 10.000 8.000 15.000 2.000 8.000 8.000 8.000 8.000 14.000 24.000 2.000 24.000 4.000 25.000 8.000 0.000 6.000 15.000 8.000 19.000 4.000 24.000 8.000 4.000 39.000 39.000 48.000 43.000 51.000 46.000 51.000 47.000 48.000 46.000 47.000 71.000 63.000 67.000 71.000 72.000 67.000 83.000 84.000 84.000 84.000 83.000 83.000 80.000 83.000 59.000 62.000 63.000 62.000 63.000 62.000
VAdist IGKV1S64*01 13.000 18.000 4.000 4.000 17.000 4.000 17.000 7.000 22.000 5.000 8.000 7.000 9.000 4.000 19.000 4.000 4.000 4.000 4.000 23.000 21.000 23.000 20.000 25.000 25.000 4.000 4.000 24.000 7.000 25.000 23.000 22.000 24.000 23.000 21.000 4.000 5.000 22.000 27.000 5.000 5.000 25.000 5.000 26.000 16.000 7.000 19.000 4.000 4.000 4.000 4.000 4.000 14.000 23.000 4.000 23.000 5.000 24.000 4.000 6.000 0.000 19.000 7.000 21.000 5.000 23.000 4.000 5.000 40.000 40.000 48.000 43.000 51.000 48.000 51.000 47.000 48.000 48.000 47.000 71.000 65.000 67.000 71.000 72.000 67.000 83.000 84.000 84.000 84.000 83.000 83.000 80.000 83.000 61.000 64.000 65.000 64.000 64.000 64.000
VAdist IGKV1S65*01 21.000 15.000 19.000 15.000 16.000 15.000 23.000 19.000 7.000 19.000 15.000 19.000 19.000 15.000 0.000 19.000 19.000 19.000 19.000 16.000 2.000 16.000 16.000 16.000 16.000 19.000 19.000 13.000 19.000 18.000 16.000 18.000 16.000 16.000 14.000 15.000 19.000 11.000 23.000 19.000 19.000 22.000 19.000 16.000 22.000 19.000 0.000 15.000 19.000 19.000 19.000 19.000 25.000 16.000 15.000 16.000 19.000 17.000 19.000 15.000 19.000 0.000 19.000 12.000 19.000 16.000 19.000 19.000 43.000 43.000 47.000 42.000 50.000 42.000 40.000 36.000 40.000 42.000 36.000 68.000 62.000 62.000 68.000 68.000 64.000 80.000 84.000 84.000 84.000 80.000 80.000 83.000 79.000 62.000 67.000 67.000 67.000 67.000 67.000
VAdist IGKV1S66*01 12.000 20.000 3.000 8.000 19.000 8.000 17.000 0.000 22.000 4.000 8.000 11.000 11.000 8.000 19.000 3.000 3.000 3.000 3.000 19.000 21.000 19.000 22.000 27.000 27.000 3.000 3.000 24.000 0.000 21.000 19.000 24.000 23.000 19.000 25.000 8.000 4.000 22.000 30.000 4.000 4.000 29.000 4.000 23.000 18.000 0.000 19.000 8.000 3.000 3.000 3.000 3.000 10.000 19.000 8.000 19.000 4.000 21.000 3.000 8.000 7.000 19.000 0.000 23.000 4.000 19.000 3.000 4.000 39.000 39.000 48.000 43.000 51.000 50.000 50.000 47.000 47.000 50.000 47.000 71.000 67.000 67.000 71.000 72.000 67.000 83.000 84.000 84.000 84.000 83.000 83.000 80.000 83.000 63.000 65.000 66.000 65.000 63.000 65.000
VAdist IGKV1S67*01 25.000 3.000 23.000 21.000 12.000 21.000 28.000 23.000 13.000 19.000 23.000 21.000 19.000 21.000 12.000 23.000 23.000 23.000 23.000 12.000 14.000 12.000 12.000 8.000 8.000 23.000 23.000 11.000 23.000 14.000 12.000 14.000 8.000 12.000 8.000 21.000 19.000 13.000 19.000 19.000 19.000 15.000 19.000 12.000 26.000 23.000 12.000 21.000 23.000 23.000 23.000 23.000 27.000 12.000 21.000 12.000 19.000 15.000 23.000 19.000 21.000 12.000 23.000 0.000 19.000 12.000 23.000 19.000 39.000 39.000 50.000 39.000 47.000 31.000 40.000 32.000 36.000 31.000 32.000 68.000 58.000 62.000 68.000 68.000 64.000 80.000 84.000 84.000 84.000 80.000 80.000 83.000 80.000 60.000 63.000 63.000 63.000 63.000 63.000
VAdist IGKV1S68*01 12.000 16.000 7.000 6.000 15.000 6.000 17.000 4.000 22.000 0.000 8.000 9.000 7.000 6.000 19.000 7.000 7.000 7.000 7.000 20.000 21.000 20.000 23.000 23.000 23.000 7.000 7.000 24.000 4.000 22.000 20.000 25.000 24.000 20.000 23.000 6.000 0.000 22.000 30.000 0.000 0.000 26.000 0.000 23.000 14.000 4.000 19.000 6.000 7.000 7.000 7.000 7.000 14.000 20.000 6.000 20.000 0.000 21.000 7.000 4.000 5.000 19.000 4.000 19.000 0.000 20.000 7.000 0.000 35.000 35.000 48.000 43.000 51.000 46.000 50.000 47.000 48.000 46.000 47.000 71.000 63.000 67.000 71.000 72.000 67.000 83.000 84.000 84.000 84.000 83.000 83.000 80.000 83.000 59.000 61.000 62.000 61.000 59.000 61.000
VAdist IGKV1S7*01 25.000 12.000 22.000 24.000 24.000 24.000 29.000 19.000 17.000 20.000 24.000 24.000 24.000 24.000 16.000 22.000 22.000 22.000 22.000 0.000 18.000 0.000 3.000 16.000 16.000 22.000 22.000 15.000 19.000 2.000 0.000 5.000 4.000 0.000 14.000 24.000 20.000 15.000 18.000 20.000 20.000 17.000 20.000 12.000 31.000 19.000 16.000 24.000 22.000 22.000 22.000 22.000 29.000 0.000 24.000 0.000 20.000 7.000 22.000 24.000 23.000 16.000 19.000 12.000 20.000 0.000 22.000 20.000 39.000 39.000 51.000 44.000 48.000 39.000 43.000 40.000 40.000 39.000 40.000 68.000 63.000 63.000 68.000 64.000 64.000 84.000 84.000 84.000 84.000 84.000 84.000 84.000 84.000 66.000 66.000 66.000 66.000 63.000 66.000
VAdist IGKV1S8*01 13.000 20.000 0.000 8.000 19.000 8.000 17.000 3.000 22.000 7.000 8.000 11.000 11.000 8.000 19.000 0.000 0.000 0.000 0.000 22.000 21.000 22.000 19.000 27.000 27.000 0.000 0.000 24.000 3.000 24.000 22.000 21.000 23.000 22.000 25.000 8.000 7.000 22.000 27.000 7.000 7.000 26.000 7.000 26.000 18.000 3.000 19.000 8.000 0.000 0.000 0.000 0.000 10.000 22.000 8.000 22.000 7.000 24.000 0.000 8.000 4.000 19.000 3.000 23.000 7.000 22.000 0.000 7.000 42.000 42.000 48.000 43.000 51.000 50.000 51.000 47.000 47.000 50.000 47.000 71.000 67.000 67.000 71.000 72.000 67.000 83.000 84.000 84.000 84.000 83.000 83.000 80.000 83.000 63.000 66.000 67.000 66.000 66.000 66.000
VAdist IGKV1S9*01 12.000 16.000 7.000 6.000 15.000 6.000 17.000 4.000 22.000 0.000 8.000 9.000 7.000 6.000 19.000 7.000 7.000 7.000 7.000 20.000 21.000 20.000 23.000 23.000 23.000 7.000 7.000 24.000 4.000 22.000 20.000 25.000 24.000 20.000 23.000 6.000 0.000 22.000 30.000 0.000 0.000 26.000 0.000 23.000 14.000 4.000 19.000 6.000 7.000 7.000 7.000 7.000 14.000 20.000 6.000 20.000 0.000 21.000 7.000 4.000 5.000 19.000 4.000 19.000 0.000 20.000 7.000 0.000 35.000 35.000 48.000 43.000 51.000 46.000 50.000 47.000 48.000 46.000 47.000 71.000 63.000 67.000 71.000 72.000 67.000 83.000 84.000 84.000 84.000 83.000 83.000 80.000 83.000 59.000 61.000 62.000 61.000 59.000 61.000
VAdist IGLV1S2*01 42.000 39.000 42.000 41.000 43.000 41.000 43.000 39.000 43.000 35.000 43.000 41.000 39.000 41.000 43.000 42.000 42.000 42.000 42.000 39.000 43.000 39.000 42.000 39.000 39.000 42.000 42.000 43.000 39.000 39.000 39.000 42.000 43.000 39.000 41.000 41.000 35.000 43.000 45.000 35.000 35.000 42.000 35.000 39.000 42.000 39.000 43.000 41.000 42.000 42.000 42.000 42.000 47.000 39.000 41.000 39.000 35.000 39.000 42.000 39.000 40.000 43.000 39.000 39.000 35.000 39.000 42.000 35.000 0.000 0.000 35.000 43.000 44.000 35.000 42.000 36.000 35.000 35.000 36.000 67.000 58.000 62.000 67.000 67.000 63.000 78.000 78.000 78.000 75.000 78.000 77.000 79.000 79.000 47.000 46.000 45.000 46.000 42.000 46.000
VAdist IGLV1S3*01 42.000 39.000 42.000 41.000 43.000 41.000 43.000 39.000 43.000 35.000 43.000 41.000 39.000 41.000 43.000 42.000 42.000 42.000 42.000 39.000 43.000 39.000 42.000 39.000 39.000 42.000 42.000 43.000 39.000 39.000 39.000 42.000 43.000 39.000 41.000 41.000 35.000 43.000 45.000 35.000 35.000 42.000 35.000 39.000 42.000 39.000 43.000 41.000 42.000 42.000 42.000 42.000 47.000 39.000 41.000 39.000 35.000 39.000 42.000 39.000 40.000 43.000 39.000 39.000 35.000 39.000 42.000 35.000 0.000 0.000 35.000 43.000 44.000 35.000 42.000 36.000 35.000 35.000 36.000 67.000 58.000 62.000 67.000 67.000 63.000 78.000 78.000 78.000 75.000 78.000 77.000 79.000 79.000 47.000 46.000 45.000 46.000 42.000 46.000
VAdist IGLV2S1*01 48.000 51.000 48.000 48.000 51.000 48.000 48.000 48.000 43.000 48.000 48.000 48.000 48.000 48.000 47.000 48.000 48.000 48.000 48.000 51.000 47.000 51.000 51.000 46.000 46.000 48.000 48.000 47.000 48.000 51.000 51.000 51.000 51.000 51.000 50.000 48.000 48.000 47.000 50.000 48.000 48.000 47.000 48.000 50.000 47.000 48.000 47.000 48.000 48.000 48.000 48.000 48.000 52.000 51.000 48.000 51.000 48.000 52.000 48.000 48.000 48.000 47.000 48.000 50.000 48.000 51.000 48.000 48.000 35.000 35.000 0.000 35.000 20.000 41.000 38.000 31.000 33.000 41.000 29.000 68.000 64.000 64.000 68.000 68.000 64.000 73.000 75.000 75.000 75.000 73.000 72.000 75.000 74.000 54.000 54.000 54.000 54.000 54.000 54.000
VAdist IGLV2S2*01 43.000 36.000 43.000 43.000 46.000 43.000 41.000 43.000 42.000 43.000 39.000 43.000 43.000 43.000 42.000 43.000 43.000 43.000 43.000 44.000 42.000 44.000 44.000 43.000 43.000 43.000 43.000 46.000 43.000 44.000 44.000 44.000 40.000 44.000 43.000 43.000 43.000 46.000 47.000 43.000 43.000 48.000 43.000 43.000 50.000 43.000 42.000 43.000 43.000 43.000 43.000 43.000 41.000 44.000 43.000 44.000 43.000 47.000 43.000 43.000 43.000 42.000 43.000 39.000 43.000 44.000 43.000 43.000 43.000 43.000 35.000 0.000 28.000 44.000 46.000 46.000 45.000 44.000 44.000 74.000 70.000 70.000 74.000 75.000 70.000 82.000 84.000 84.000 84.000 82.000 82.000 80.000 82.000 58.000 59.000 60.000 59.000 60.000 59.000
VAdist IGLV2S4*01 51.000 48.000 51.000 51.000 54.000 51.000 51.000 51.000 46.000 51.000 51.000 51.000 51.000 51.000 50.000 51.000 51.000 51.000 51.000 48.000 50.000 48.000 48.000 43.000 43.000 51.000 51.000 46.000 51.000 48.000 48.000 48.000 48.000 48.000 47.000 51.000 51.000 50.000 48.000 51.000 51.000 48.000 51.000 47.000 51.000 51.000 50.000 51.000 51.000 51.000 51.000 51.000 55.000 48.000 51.000 48.000 51.000 51.000 51.000 51.000 51.000 50.000 51.000 47.000 51.000 48.000 51.000 51.000 44.000 44.000 20.000 28.000 0.000 47.000 47.000 43.000 45.000 47.000 41.000 76.000 68.000 68.000 76.000 76.000 72.000 78.000 80.000 80.000 80.000 78.000 78.000 80.000 79.000 64.000 65.000 65.000 65.000 65.000 65.000
VAdist IGLV3S1*01 50.000 31.000 50.000 48.000 42.000 48.000 50.000 50.000 42.000 46.000 50.000 48.000 46.000 48.000 42.000 50.000 50.000 50.000 50.000 39.000 42.000 39.000 39.000 35.000 35.000 50.000 50.000 42.000 50.000 39.000 39.000 39.000 35.000 39.000 37.000 48.000 46.000 42.000 39.000 46.000 46.000 36.000 46.000 39.000 46.000 50.000 42.000 48.000 50.000 50.000 50.000 50.000 49.000 39.000 48.000 39.000 46.000 42.000 50.000 46.000 48.000 42.000 50.000 31.000 46.000 39.000 50.000 46.000 35.000 35.000 41.000 44.000 47.000 0.000 32.000 24.000 24.000 0.000 24.000 65.000 59.000 63.000 65.000 65.000 61.000 75.000 76.000 76.000 74.000 75.000 74.000 76.000 76.000 54.000 52.000 52.000 52.000 52.000 52.000
VAdist IGLV3S2*01 51.000 43.000 51.000 51.000 48.000 51.000 50.000 50.000 40.000 50.000 50.000 50.000 50.000 51.000 40.000 51.000 51.000 51.000 51.000 43.000 40.000 43.000 44.000 40.000 40.000 51.000 51.000 35.000 50.000 43.000 43.000 44.000 44.000 43.000 40.000 51.000 50.000 40.000 44.000 50.000 50.000 44.000 50.000 39.000 51.000 50.000 40.000 51.000 51.000 51.000 51.000 51.000 51.000 43.000 51.000 43.000 50.000 43.000 51.000 51.000 51.000 40.000 50.000 40.000 50.000 43.000 51.000 50.000 42.000 42.000 38.000 46.000 47.000 32.000 0.000 15.000 26.000 32.000 19.000 62.000 59.000 59.000 62.000 62.000 58.000 77.000 82.000 82.000 82.000 77.000 76.000 81.000 78.000 56.000 49.000 45.000 49.000 48.000 49.000
VAdist IGLV3S3*01 47.000 35.000 47.000 47.000 40.000 47.000 47.000 47.000 36.000 47.000 47.000 47.000 47.000 47.000 36.000 47.000 47.000 47.000 47.000 40.000 36.000 40.000 40.000 36.000 36.000 47.000 47.000 32.000 47.000 40.000 40.000 40.000 36.000 40.000 36.000 47.000 47.000 36.000 40.000 47.000 47.000 40.000 47.000 36.000 47.000 47.000 36.000 47.000 47.000 47.000 47.000 47.000 49.000 40.000 47.000 40.000 47.000 40.000 47.000 47.000 47.000 36.000 47.000 32.000 47.000 40.000 47.000 47.000 36.000 36.000 31.000 46.000 43.000 24.000 15.000 0.000 11.000 24.000 4.000 58.000 55.000 55.000 58.000 58.000 54.000 74.000 75.000 75.000 75.000 74.000 73.000 74.000 71.000 56.000 50.000 54.000 50.000 54.000 50.000
VAdist IGLV3S6*01 48.000 36.000 47.000 48.000 44.000 48.000 48.000 47.000 40.000 48.000 48.000 48.000 48.000 48.000 40.000 47.000 47.000 47.000 47.000 40.000 40.000 40.000 40.000 40.000 40.000 47.000 47.000 39.000 47.000 40.000 40.000 40.000 36.000 40.000 40.000 48.000 48.000 40.000 40.000 48.000 48.000 36.000 48.000 40.000 48.000 47.000 40.000 48.000 47.000 47.000 47.000 47.000 49.000 40.000 48.000 40.000 48.000 40.000 47.000 48.000 48.000 40.000 47.000 36.000 48.000 40.000 47.000 48.000 35.000 35.000 33.000 45.000 45.000 24.000 26.000 11.000 0.000 24.000 7.000 55.000 56.000 55.000 55.000 57.000 51.000 78.000 71.000 71.000 74.000 78.000 77.000 75.000 75.000 57.000 48.000 50.000 48.000 50.000 48.000
VAdist IGLV3S7*01 50.000 31.000 50.000 48.000 42.000 48.000 50.000 50.000 42.000 46.000 50.000 48.000 46.000 48.000 42.000 50.000 50.000 50.000 50.000 39.000 42.000 39.000 39.000 35.000 35.000 50.000 50.000 42.000 50.000 39.000 39.000 39.000 35.000 39.000 37.000 48.000 46.000 42.000 39.000 46.000 46.000 36.000 46.000 39.000 46.000 50.000 42.000 48.000 50.000 50.000 50.000 50.000 49.000 39.000 48.000 39.000 46.000 42.000 50.000 46.000 48.000 42.000 50.000 31.000 46.000 39.000 50.000 46.000 35.000 35.000 41.000 44.000 47.000 0.000 32.000 24.000 24.000 0.000 24.000 65.000 59.000 63.000 65.000 65.000 61.000 75.000 76.000 76.000 74.000 75.000 74.000 76.000 76.000 54.000 52.000 52.000 52.000 52.000 52.000
VAdist IGLV3S9*01 47.000 35.000 47.000 47.000 40.000 47.000 47.000 47.000 36.000 47.000 47.000 47.000 47.000 47.000 36.000 47.000 47.000 47.000 47.000 40.000 36.000 40.000 40.000 36.000 36.000 47.000 47.000 32.000 47.000 40.000 40.000 40.000 36.000 40.000 36.000 47.000 47.000 36.000 40.000 47.000 47.000 40.000 47.000 36.000 47.000 47.000 36.000 47.000 47.000 47.000 47.000 47.000 49.000 40.000 47.000 40.000 47.000 40.000 47.000 47.000 47.000 36.000 47.000 32.000 47.000 40.000 47.000 47.000 36.000 36.000 29.000 44.000 41.000 24.000 19.000 4.000 7.000 24.000 0.000 58.000 55.000 55.000 58.000 58.000 54.000 74.000 75.000 75.000 75.000 74.000 73.000 74.000 71.000 56.000 50.000 54.000 50.000 54.000 50.000
VAdist IGLV4S2*01 71.000 67.000 71.000 71.000 72.000 71.000 71.000 71.000 66.000 71.000 71.000 71.000 71.000 71.000 68.000 71.000 71.000 71.000 71.000 68.000 66.000 68.000 68.000 66.000 66.000 71.000 71.000 68.000 71.000 66.000 68.000 66.000 68.000 68.000 68.000 71.000 71.000 62.000 66.000 71.000 71.000 64.000 71.000 66.000 71.000 71.000 68.000 71.000 71.000 71.000 71.000 71.000 69.000 68.000 71.000 68.000 71.000 68.000 71.000 71.000 71.000 68.000 71.000 68.000 71.000 68.000 71.000 71.000 67.000 67.000 68.000 74.000 76.000 65.000 62.000 58.000 55.000 65.000 58.000 0.000 28.000 24.000 0.000 11.000 9.000 70.000 66.000 62.000 66.000 68.000 68.000 69.000 70.000 78.000 68.000 74.000 68.000 74.000 68.000
VAdist IGLV4S3*01 67.000 59.000 67.000 65.000 62.000 65.000 67.000 67.000 60.000 63.000 67.000 65.000 63.000 65.000 62.000 67.000 67.000 67.000 67.000 63.000 60.000 63.000 63.000 56.000 56.000 67.000 67.000 62.000 67.000 61.000 63.000 61.000 63.000 63.000 60.000 65.000 63.000 56.000 62.000 63.000 63.000 61.000 63.000 60.000 64.000 67.000 62.000 65.000 67.000 67.000 67.000 67.000 65.000 63.000 65.000 63.000 63.000 63.000 67.000 63.000 65.000 62.000 67.000 58.000 63.000 63.000 67.000 63.000 58.000 58.000 64.000 70.000 68.000 59.000 59.000 55.000 56.000 59.000 55.000 28.000 0.000 4.000 28.000 24.000 19.000 77.000 72.000 72.000 74.000 75.000 75.000 74.000 73.000 74.000 70.000 74.000 70.000 74.000 70.000
VAdist IGLV4S4*01 67.000 63.000 67.000 67.000 66.000 67.000 67.000 67.000 60.000 67.000 67.000 67.000 67.000 67.000 62.000 67.000 67.000 67.000 67.000 63.000 60.000 63.000 63.000 60.000 60.000 67.000 67.000 62.000 67.000 61.000 63.000 61.000 63.000 63.000 62.000 67.000 67.000 56.000 62.000 67.000 67.000 64.000 67.000 60.000 68.000 67.000 62.000 67.000 67.000 67.000 67.000 67.000 65.000 63.000 67.000 63.000 67.000 63.000 67.000 67.000 67.000 62.000 67.000 62.000 67.000 63.000 67.000 67.000 62.000 62.000 64.000 70.000 68.000 63.000 59.000 55.000 55.000 63.000 55.000 24.000 4.000 0.000 24.000 20.000 15.000 77.000 72.000 72.000 74.000 75.000 75.000 74.000 73.000 78.000 74.000 78.000 74.000 78.000 74.000
VAdist IGLV4S5*01 71.000 67.000 71.000 71.000 72.000 71.000 71.000 71.000 66.000 71.000 71.000 71.000 71.000 71.000 68.000 71.000 71.000 71.000 71.000 68.000 66.000 68.000 68.000 66.000 66.000 71.000 71.000 68.000 71.000 66.000 68.000 66.000 68.000 68.000 68.000 71.000 71.000 62.000 66.000 71.000 71.000 64.000 71.000 66.000 71.000 71.000 68.000 71.000 71.000 71.000 71.000 71.000 69.000 68.000 71.000 68.000 71.000 68.000 71.000 71.000 71.000 68.000 71.000 68.000 71.000 68.000 71.000 71.000 67.000 67.000 68.000 74.000 76.000 65.000 62.000 58.000 55.000 65.000 58.000 0.000 28.000 24.000 0.000 11.000 9.000 70.000 66.000 62.000 66.000 68.000 68.000 69.000 70.000 78.000 68.000 74.000 68.000 74.000 68.000
VAdist IGLV4S6*01 72.000 68.000 72.000 72.000 72.000 72.000 72.000 72.000 66.000 72.000 72.000 72.000 72.000 72.000 68.000 72.000 72.000 72.000 72.000 64.000 66.000 64.000 64.000 66.000 66.000 72.000 72.000 68.000 72.000 62.000 64.000 62.000 64.000 64.000 68.000 72.000 72.000 62.000 66.000 72.000 72.000 66.000 72.000 66.000 72.000 72.000 68.000 72.000 72.000 72.000 72.000 72.000 70.000 64.000 72.000 64.000 72.000 64.000 72.000 72.000 72.000 68.000 72.000 68.000 72.000 64.000 72.000 72.000 67.000 67.000 68.000 75.000 76.000 65.000 62.000 58.000 57.000 65.000 58.000 11.000 24.000 20.000 11.000 0.000 9.000 70.000 68.000 64.000 66.000 68.000 68.000 70.000 70.000 78.000 72.000 76.000 72.000 76.000 72.000
VAdist IGLV4S7*01 67.000 63.000 67.000 67.000 68.000 67.000 67.000 67.000 62.000 67.000 67.000 67.000 67.000 67.000 64.000 67.000 67.000 67.000 67.000 64.000 62.000 64.000 64.000 62.000 62.000 67.000 67.000 64.000 67.000 62.000 64.000 62.000 64.000 64.000 64.000 67.000 67.000 58.000 62.000 67.000 67.000 60.000 67.000 62.000 67.000 67.000 64.000 67.000 67.000 67.000 67.000 67.000 65.000 64.000 67.000 64.000 67.000 64.000 67.000 67.000 67.000 64.000 67.000 64.000 67.000 64.000 67.000 67.000 63.000 63.000 64.000 70.000 72.000 61.000 58.000 54.000 51.000 61.000 54.000 9.000 19.000 15.000 9.000 9.000 0.000 74.000 66.000 66.000 70.000 72.000 72.000 69.000 70.000 78.000 68.000 74.000 68.000 74.000 68.000
VAdist IGLV5S1*01 83.000 83.000 83.000 83.000 84.000 83.000 80.000 83.000 76.000 83.000 83.000 83.000 83.000 83.000 80.000 83.000 83.000 83.000 83.000 84.000 80.000 84.000 84.000 76.000 76.000 83.000 83.000 80.000 83.000 84.000 84.000 84.000 84.000 84.000 80.000 83.000 83.000 80.000 80.000 83.000 83.000 84.000 83.000 80.000 83.000 83.000 80.000 83.000 83.000 83.000 83.000 83.000 83.000 84.000 83.000 84.000 83.000 84.000 83.000 83.000 83.000 80.000 83.000 80.000 83.000 84.000 83.000 83.000 78.000 78.000 73.000 82.000 78.000 75.000 77.000 74.000 78.000 75.000 74.000 70.000 77.000 77.000 70.000 70.000 74.000 0.000 31.000 23.000 15.000 8.000 9.000 22.000 23.000 62.000 69.000 69.000 69.000 72.000 69.000
VAdist IGLV5S10*01 84.000 84.000 84.000 84.000 88.000 84.000 81.000 84.000 80.000 84.000 84.000 84.000 84.000 84.000 84.000 84.000 84.000 84.000 84.000 84.000 84.000 84.000 84.000 80.000 80.000 84.000 84.000 84.000 84.000 84.000 84.000 84.000 84.000 84.000 84.000 84.000 84.000 84.000 84.000 84.000 84.000 80.000 84.000 84.000 84.000 84.000 84.000 84.000 84.000 84.000 84.000 84.000 84.000 84.000 84.000 84.000 84.000 84.000 84.000 84.000 84.000 84.000 84.000 84.000 84.000 84.000 84.000 84.000 78.000 78.000 75.000 84.000 80.000 76.000 82.000 75.000 71.000 76.000 75.000 66.000 72.000 72.000 66.000 68.000 66.000 31.000 0.000 8.000 19.000 26.000 32.000 12.000 12.000 66.000 66.000 68.000 66.000 71.000 66.000
VAdist IGLV5S2*01 84.000 84.000 84.000 84.000 88.000 84.000 81.000 84.000 80.000 84.000 84.000 84.000 84.000 84.000 84.000 84.000 84.000 84.000 84.000 84.000 84.000 84.000 84.000 80.000 80.000 84.000 84.000 84.000 84.000 84.000 84.000 84.000 84.000 84.000 84.000 84.000 84.000 84.000 84.000 84.000 84.000 80.000 84.000 84.000 84.000 84.000 84.000 84.000 84.000 84.000 84.000 84.000 84.000 84.000 84.000 84.000 84.000 84.000 84.000 84.000 84.000 84.000 84.000 84.000 84.000 84.000 84.000 84.000 78.000 78.000 75.000 84.000 80.000 76.000 82.000 75.000 71.000 76.000 75.000 62.000 72.000 72.000 62.000 64.000 66.000 23.000 8.000 0.000 11.000 18.000 24.000 20.000 20.000 66.000 66.000 68.000 66.000 71.000 66.000
VAdist IGLV5S3*01 84.000 84.000 84.000 84.000 88.000 84.000 81.000 84.000 80.000 84.000 84.000 84.000 84.000 84.000 84.000 84.000 84.000 84.000 84.000 84.000 84.000 84.000 84.000 80.000 80.000 84.000 84.000 84.000 84.000 84.000 84.000 84.000 84.000 84.000 84.000 84.000 84.000 84.000 84.000 84.000 84.000 83.000 84.000 84.000 84.000 84.000 84.000 84.000 84.000 84.000 84.000 84.000 84.000 84.000 84.000 84.000 84.000 84.000 84.000 84.000 84.000 84.000 84.000 84.000 84.000 84.000 84.000 84.000 75.000 75.000 75.000 84.000 80.000 74.000 82.000 75.000 74.000 74.000 75.000 66.000 74.000 74.000 66.000 66.000 70.000 15.000 19.000 11.000 0.000 23.000 24.000 20.000 20.000 66.000 68.000 71.000 68.000 74.000 68.000
VAdist IGLV5S5*01 83.000 83.000 83.000 83.000 84.000 83.000 80.000 83.000 76.000 83.000 83.000 83.000 83.000 83.000 80.000 83.000 83.000 83.000 83.000 84.000 80.000 84.000 84.000 76.000 76.000 83.000 83.000 80.000 83.000 84.000 84.000 84.000 84.000 84.000 80.000 83.000 83.000 80.000 80.000 83.000 83.000 84.000 83.000 80.000 83.000 83.000 80.000 83.000 83.000 83.000 83.000 83.000 83.000 84.000 83.000 84.000 83.000 84.000 83.000 83.000 83.000 80.000 83.000 80.000 83.000 84.000 83.000 83.000 78.000 78.000 73.000 82.000 78.000 75.000 77.000 74.000 78.000 75.000 74.000 68.000 75.000 75.000 68.000 68.000 72.000 8.000 26.000 18.000 23.000 0.000 9.000 25.000 26.000 62.000 69.000 69.000 69.000 72.000 69.000
VAdist IGLV5S6*01 83.000 83.000 83.000 83.000 84.000 83.000 80.000 83.000 76.000 83.000 83.000 83.000 83.000 83.000 80.000 83.000 83.000 83.000 83.000 84.000 80.000 84.000 84.000 76.000 76.000 83.000 83.000 80.000 83.000 84.000 84.000 84.000 84.000 84.000 80.000 83.000 83.000 80.000 80.000 83.000 83.000 84.000 83.000 80.000 83.000 83.000 80.000 83.000 83.000 83.000 83.000 83.000 83.000 84.000 83.000 84.000 83.000 84.000 83.000 83.000 83.000 80.000 83.000 80.000 83.000 84.000 83.000 83.000 77.000 77.000 72.000 82.000 78.000 74.000 76.000 73.000 77.000 74.000 73.000 68.000 75.000 75.000 68.000 68.000 72.000 9.000 32.000 24.000 24.000 9.000 0.000 27.000 28.000 64.000 68.000 68.000 68.000 71.000 68.000
VAdist IGLV5S7*01 80.000 80.000 80.000 80.000 87.000 80.000 77.000 80.000 79.000 80.000 80.000 80.000 80.000 80.000 83.000 80.000 80.000 80.000 80.000 84.000 83.000 84.000 84.000 79.000 79.000 80.000 80.000 83.000 80.000 84.000 84.000 84.000 84.000 84.000 83.000 80.000 80.000 83.000 80.000 80.000 80.000 84.000 80.000 83.000 80.000 80.000 83.000 80.000 80.000 80.000 80.000 80.000 80.000 84.000 80.000 84.000 80.000 84.000 80.000 80.000 80.000 83.000 80.000 83.000 80.000 84.000 80.000 80.000 79.000 79.000 75.000 80.000 80.000 76.000 81.000 74.000 75.000 76.000 74.000 69.000 74.000 74.000 69.000 70.000 69.000 22.000 12.000 20.000 20.000 25.000 27.000 0.000 7.000 66.000 67.000 72.000 67.000 75.000 67.000
VAdist IGLV5S9*01 83.000 83.000 83.000 83.000 84.000 83.000 77.000 83.000 75.000 83.000 82.000 83.000 83.000 83.000 79.000 83.000 83.000 83.000 83.000 84.000 79.000 84.000 84.000 76.000 76.000 83.000 83.000 80.000 83.000 84.000 84.000 84.000 84.000 84.000 80.000 83.000 83.000 80.000 84.000 83.000 83.000 84.000 83.000 80.000 83.000 83.000 79.000 83.000 83.000 83.000 83.000 83.000 83.000 84.000 83.000 84.000 83.000 84.000 83.000 83.000 83.000 79.000 83.000 80.000 83.000 84.000 83.000 83.000 79.000 79.000 74.000 82.000 79.000 76.000 78.000 71.000 75.000 76.000 71.000 70.000 73.000 73.000 70.000 70.000 70.000 23.000 12.000 20.000 20.000 26.000 28.000 7.000 0.000 65.000 68.000 72.000 68.000 75.000 68.000
VAdist IGLV6S1*01 63.000 61.000 63.000 61.000 58.000 61.000 63.000 63.000 62.000 59.000 63.000 61.000 59.000 61.000 62.000 63.000 63.000 63.000 63.000 66.000 62.000 66.000 66.000 61.000 61.000 63.000 63.000 66.000 63.000 66.000 66.000 66.000 65.000 66.000 61.000 61.000 59.000 62.000 66.000 59.000 59.000 63.000 59.000 65.000 59.000 63.000 62.000 61.000 63.000 63.000 63.000 63.000 62.000 66.000 61.000 66.000 59.000 67.000 63.000 59.000 61.000 62.000 63.000 60.000 59.000 66.000 63.000 59.000 47.000 47.000 54.000 58.000 64.000 54.000 56.000 56.000 57.000 54.000 56.000 78.000 74.000 78.000 78.000 78.000 78.000 62.000 66.000 66.000 66.000 62.000 64.000 66.000 65.000 0.000 24.000 20.000 24.000 23.000 24.000
VAdist IGLV6S3*01 66.000 62.000 66.000 64.000 64.000 64.000 65.000 65.000 67.000 61.000 65.000 61.000 59.000 64.000 67.000 66.000 66.000 66.000 66.000 66.000 67.000 66.000 67.000 63.000 63.000 66.000 66.000 66.000 65.000 66.000 66.000 67.000 67.000 66.000 65.000 64.000 61.000 67.000 67.000 61.000 61.000 62.000 61.000 66.000 62.000 65.000 67.000 64.000 66.000 66.000 66.000 66.000 66.000 66.000 64.000 66.000 61.000 66.000 66.000 62.000 64.000 67.000 65.000 63.000 61.000 66.000 66.000 61.000 46.000 46.000 54.000 59.000 65.000 52.000 49.000 50.000 48.000 52.000 50.000 68.000 70.000 74.000 68.000 72.000 68.000 69.000 66.000 66.000 68.000 69.000 68.000 67.000 68.000 24.000 0.000 10.000 0.000 16.000 0.000
VAdist IGLV6S4*01 67.000 63.000 67.000 65.000 64.000 65.000 66.000 66.000 67.000 62.000 66.000 62.000 60.000 65.000 67.000 67.000 67.000 67.000 67.000 66.000 67.000 66.000 67.000 63.000 63.000 67.000 67.000 66.000 66.000 66.000 66.000 67.000 67.000 66.000 65.000 65.000 62.000 67.000 67.000 62.000 62.000 60.000 62.000 66.000 63.000 66.000 67.000 65.000 67.000 67.000 67.000 67.000 67.000 66.000 65.000 66.000 62.000 66.000 67.000 63.000 65.000 67.000 66.000 63.000 62.000 66.000 67.000 62.000 45.000 45.000 54.000 60.000 65.000 52.000 45.000 54.000 50.000 52.000 54.000 74.000 74.000 78.000 74.000 76.000 74.000 69.000 68.000 68.000 71.000 69.000 68.000 72.000 72.000 20.000 10.000 0.000 10.000 6.000 10.000
VAdist IGLV6S5*01 66.000 62.000 66.000 64.000 64.000 64.000 65.000 65.000 67.000 61.000 65.000 61.000 59.000 64.000 67.000 66.000 66.000 66.000 66.000 66.000 67.000 66.000 67.000 63.000 63.000 66.000 66.000 66.000 65.000 66.000 66.000 67.000 67.000 66.000 65.000 64.000 61.000 67.000 67.000 61.000 61.000 62.000 61.000 66.000 62.000 65.000 67.000 64.000 66.000 66.000 66.000 66.000 66.000 66.000 64.000 66.000 61.000 66.000 66.000 62.000 64.000 67.000 65.000 63.000 61.000 66.000 66.000 61.000 46.000 46.000 54.000 59.000 65.000 52.000 49.000 50.000 48.000 52.000 50.000 68.000 70.000 74.000 68.000 72.000 68.000 69.000 66.000 66.000 68.000 69.000 68.000 67.000 68.000 24.000 0.000 10.000 0.000 16.000 0.000
VAdist IGLV6S6*01 66.000 63.000 66.000 65.000 64.000 65.000 67.000 63.000 67.000 59.000 67.000 63.000 61.000 65.000 67.000 66.000 66.000 66.000 66.000 63.000 67.000 63.000 66.000 63.000 63.000 66.000 66.000 67.000 63.000 63.000 63.000 66.000 67.000 63.000 65.000 65.000 59.000 67.000 66.000 59.000 59.000 59.000 59.000 63.000 63.000 63.000 67.000 65.000 66.000 66.000 66.000 66.000 67.000 63.000 65.000 63.000 59.000 63.000 66.000 63.000 64.000 67.000 63.000 63.000 59.000 63.000 66.000 59.000 42.000 42.000 54.000 60.000 65.000 52.000 48.000 54.000 50.000 52.000 54.000 74.000 74.000 78.000 74.000 76.000 74.000 72.000 71.000 71.000 74.000 72.000 71.000 75.000 75.000 23.000 16.000 6.000 16.000 0.000 16.000
VAdist IGLV6S7*01 66.000 62.000 66.000 64.000 64.000 64.000 65.000 65.000 67.000 61.000 65.000 61.000 59.000 64.000 67.000 66.000 66.000 66.000 66.000 66.000 67.000 66.000 67.000 63.000 63.000 66.000 66.000 66.000 65.000 66.000 66.000 67.000 67.000 66.000 65.000 64.000 61.000 67.000 67.000 61.000 61.000 62.000 61.000 66.000 62.000 65.000 67.000 64.000 66.000 66.000 66.000 66.000 66.000 66.000 64.000 66.000 61.000 66.000 66.000 62.000 64.000 67.000 65.000 63.000 61.000 66.000 66.000 61.000 46.000 46.000 54.000 59.000 65.000 52.000 49.000 50.000 48.000 52.000 50.000 68.000 70.000 74.000 68.000 72.000 68.000 69.000 66.000 66.000 68.000 69.000 68.000 67.000 68.000 24.000 0.000 10.000 0.000 16.000 0.000
num_VB_genes 49
VBdist IGHV1S1*01 0.000 17.000 20.000 21.000 27.000 11.000 19.000 46.000 30.000 45.000 39.000 35.000 43.000 47.000 39.000 17.000 28.000 27.000 43.000 31.000 57.000 32.000 43.000 46.000 49.000 56.000 47.000 43.000 31.000 50.000 41.000 48.000 39.000 42.000 50.000 46.000 59.000 60.000 60.000 53.000 49.000 54.000 46.000 48.000 37.000 48.000 28.000 50.000 56.000
VBdist IGHV1S13*01 17.000 0.000 14.000 19.000 23.000 14.000 17.000 33.000 35.000 45.000 22.000 26.000 34.000 30.000 30.000 0.000 14.000 23.000 39.000 31.000 53.000 23.000 39.000 38.000 49.000 47.000 43.000 36.000 30.000 37.000 42.000 41.000 29.000 36.000 40.000 37.000 50.000 47.000 51.000 48.000 44.000 52.000 41.000 39.000 28.000 43.000 11.000 48.000 45.000
VBdist IGHV1S17*01 20.000 14.000 0.000 9.000 21.000 13.000 13.000 37.000 31.000 39.000 34.000 30.000 29.000 38.000 28.000 14.000 11.000 21.000 39.000 24.000 57.000 33.000 39.000 43.000 49.000 49.000 49.000 38.000 23.000 37.000 47.000 44.000 31.000 28.000 38.000 36.000 51.000 52.000 51.000 44.000 45.000 50.000 45.000 48.000 32.000 44.000 15.000 46.000 45.000
VBdist IGHV1S19*01 21.000 19.000 9.000 0.000 19.000 14.000 11.000 32.000 33.000 30.000 36.000 35.000 32.000 36.000 33.000 19.000 20.000 19.000 39.000 23.000 57.000 34.000 39.000 44.000 45.000 48.000 46.000 39.000 32.000 44.000 42.000 40.000 36.000 31.000 37.000 31.000 53.000 50.000 50.000 45.000 43.000 45.000 50.000 51.000 35.000 45.000 16.000 46.000 42.000
VBdist IGHV1S21*01 27.000 23.000 21.000 19.000 0.000 26.000 18.000 39.000 39.000 35.000 39.000 35.000 33.000 47.000 38.000 23.000 20.000 0.000 38.000 16.000 49.000 35.000 38.000 38.000 45.000 44.000 35.000 51.000 44.000 43.000 31.000 37.000 28.000 42.000 44.000 50.000 52.000 49.000 54.000 47.000 38.000 49.000 54.000 46.000 42.000 53.000 20.000 39.000 40.000
VBdist IGHV1S24*01 11.000 14.000 13.000 14.000 26.000 0.000 8.000 39.000 25.000 40.000 36.000 32.000 36.000 40.000 32.000 14.000 21.000 26.000 36.000 26.000 58.000 33.000 36.000 41.000 46.000 51.000 46.000 36.000 24.000 43.000 40.000 43.000 36.000 35.000 43.000 39.000 48.000 53.000 53.000 46.000 38.000 55.000 43.000 45.000 34.000 45.000 21.000 45.000 51.000
VBdist IGHV1S25*01 19.000 17.000 13.000 11.000 18.000 8.000 0.000 39.000 33.000 37.000 35.000 35.000 33.000 39.000 35.000 17.000 24.000 18.000 32.000 22.000 50.000 36.000 32.000 44.000 42.000 52.000 46.000 43.000 32.000 43.000 45.000 43.000 36.000 32.000 40.000 39.000 48.000 49.000 54.000 44.000 38.000 52.000 51.000 50.000 34.000 45.000 24.000 41.000 50.000
VBdist IGHV1S26*01 46.000 33.000 37.000 32.000 39.000 39.000 39.000 0.000 24.000 29.000 20.000 15.000 25.000 20.000 29.000 33.000 30.000 39.000 49.000 43.000 49.000 36.000 49.000 34.000 37.000 33.000 28.000 22.000 19.000 12.000 21.000 12.000 14.000 21.000 15.000 19.000 32.000 28.000 25.000 31.000 22.000 27.000 37.000 26.000 19.000 32.000 26.000 42.000 27.000
VBdist IGHV1S28*01 30.000 35.000 31.000 33.000 39.000 25.000 33.000 24.000 0.000 32.000 25.000 21.000 30.000 29.000 36.000 35.000 39.000 39.000 53.000 39.000 54.000 47.000 53.000 34.000 42.000 40.000 28.000 21.000 8.000 27.000 19.000 18.000 21.000 25.000 28.000 27.000 37.000 41.000 38.000 37.000 27.000 37.000 31.000 30.000 19.000 30.000 40.000 40.000 43.000
VBdist IGHV1S29*01 45.000 45.000 39.000 30.000 35.000 40.000 37.000 29.000 32.000 0.000 43.000 34.000 24.000 35.000 44.000 45.000 42.000 35.000 53.000 39.000 55.000 45.000 53.000 29.000 35.000 38.000 36.000 44.000 37.000 41.000 33.000 31.000 33.000 32.000 38.000 28.000 54.000 36.000 43.000 39.000 40.000 43.000 51.000 48.000 40.000 50.000 38.000 27.000 20.000
VBdist IGHV1S31*01 39.000 22.000 34.000 36.000 39.000 36.000 35.000 20.000 25.000 43.000 0.000 12.000 31.000 8.000 35.000 22.000 34.000 39.000 53.000 47.000 45.000 41.000 53.000 40.000 41.000 44.000 32.000 26.000 20.000 24.000 29.000 28.000 19.000 29.000 27.000 27.000 36.000 36.000 38.000 40.000 30.000 39.000 34.000 26.000 15.000 29.000 31.000 48.000 42.000
VBdist IGHV1S32*01 35.000 26.000 30.000 35.000 35.000 32.000 35.000 15.000 21.000 34.000 12.000 0.000 23.000 20.000 23.000 26.000 27.000 35.000 45.000 39.000 45.000 37.000 45.000 33.000 33.000 40.000 29.000 27.000 16.000 19.000 24.000 23.000 11.000 24.000 26.000 26.000 36.000 36.000 33.000 32.000 26.000 38.000 34.000 25.000 14.000 29.000 27.000 40.000 38.000
VBdist IGHV1S33*01 43.000 34.000 29.000 32.000 33.000 36.000 33.000 25.000 30.000 24.000 31.000 23.000 0.000 35.000 34.000 34.000 26.000 33.000 43.000 33.000 52.000 41.000 43.000 32.000 40.000 38.000 38.000 40.000 28.000 28.000 38.000 29.000 28.000 29.000 36.000 32.000 45.000 37.000 43.000 31.000 35.000 48.000 47.000 39.000 28.000 42.000 27.000 27.000 23.000
VBdist IGHV1S34*01 47.000 30.000 38.000 36.000 47.000 40.000 39.000 20.000 29.000 35.000 8.000 20.000 35.000 0.000 38.000 30.000 38.000 47.000 57.000 51.000 49.000 41.000 57.000 44.000 33.000 48.000 40.000 26.000 24.000 28.000 37.000 32.000 27.000 33.000 31.000 19.000 40.000 28.000 37.000 44.000 34.000 39.000 38.000 34.000 23.000 37.000 31.000 52.000 34.000
VBdist IGHV1S35*01 39.000 30.000 28.000 33.000 38.000 32.000 35.000 29.000 36.000 44.000 35.000 23.000 34.000 38.000 0.000 30.000 25.000 38.000 49.000 38.000 61.000 40.000 49.000 40.000 48.000 44.000 45.000 39.000 30.000 29.000 43.000 36.000 30.000 35.000 41.000 34.000 48.000 48.000 42.000 37.000 38.000 52.000 43.000 38.000 33.000 46.000 25.000 48.000 44.000
VBdist IGHV1S36*01 17.000 0.000 14.000 19.000 23.000 14.000 17.000 33.000 35.000 45.000 22.000 26.000 34.000 30.000 30.000 0.000 14.000 23.000 39.000 31.000 53.000 23.000 39.000 38.000 49.000 47.000 43.000 36.000 30.000 37.000 42.000 41.000 29.000 36.000 40.000 37.000 50.000 47.000 51.000 48.000 44.000 52.000 41.000 39.000 28.000 43.000 11.000 48.000 45.000
VBdist IGHV1S37*01 28.000 14.000 11.000 20.000 20.000 21.000 24.000 30.000 39.000 42.000 34.000 27.000 26.000 38.000 25.000 14.000 0.000 20.000 38.000 23.000 55.000 25.000 38.000 32.000 48.000 44.000 45.000 42.000 31.000 30.000 43.000 37.000 30.000 35.000 41.000 41.000 51.000 47.000 47.000 44.000 41.000 53.000 49.000 43.000 37.000 52.000 7.000 45.000 38.000
VBdist IGHV1S39*01 27.000 23.000 21.000 19.000 0.000 26.000 18.000 39.000 39.000 35.000 39.000 35.000 33.000 47.000 38.000 23.000 20.000 0.000 38.000 16.000 49.000 35.000 38.000 38.000 45.000 44.000 35.000 51.000 44.000 43.000 31.000 37.000 28.000 42.000 44.000 50.000 52.000 49.000 54.000 47.000 38.000 49.000 54.000 46.000 42.000 53.000 20.000 39.000 40.000
VBdist IGHV1S40*01 43.000 39.000 39.000 39.000 38.000 36.000 32.000 49.000 53.000 53.000 53.000 45.000 43.000 57.000 49.000 39.000 38.000 38.000 0.000 24.000 38.000 50.000 10.000 46.000 42.000 51.000 58.000 61.000 50.000 53.000 57.000 55.000 50.000 50.000 58.000 57.000 66.000 59.000 64.000 54.000 54.000 70.000 69.000 60.000 52.000 63.000 38.000 28.000 60.000
VBdist IGHV1S42*01 31.000 31.000 24.000 23.000 16.000 26.000 22.000 43.000 39.000 39.000 47.000 39.000 33.000 51.000 38.000 31.000 23.000 16.000 24.000 0.000 47.000 39.000 26.000 42.000 41.000 41.000 44.000 55.000 43.000 46.000 43.000 41.000 44.000 45.000 52.000 50.000 60.000 53.000 58.000 47.000 46.000 61.000 62.000 54.000 46.000 57.000 24.000 25.000 44.000
VBdist IGHV1S43*01 57.000 53.000 57.000 57.000 49.000 58.000 50.000 49.000 54.000 55.000 45.000 45.000 52.000 49.000 61.000 53.000 55.000 49.000 38.000 47.000 0.000 44.000 40.000 50.000 32.000 59.000 57.000 60.000 54.000 53.000 51.000 52.000 46.000 47.000 54.000 61.000 62.000 53.000 64.000 56.000 54.000 46.000 65.000 52.000 53.000 64.000 52.000 42.000 62.000
VBdist IGHV1S44*01 32.000 23.000 33.000 34.000 35.000 33.000 36.000 36.000 47.000 45.000 41.000 37.000 41.000 41.000 40.000 23.000 25.000 35.000 50.000 39.000 44.000 0.000 42.000 42.000 44.000 51.000 51.000 47.000 45.000 44.000 50.000 45.000 40.000 47.000 51.000 48.000 58.000 48.000 51.000 49.000 51.000 40.000 58.000 44.000 47.000 60.000 18.000 52.000 45.000
VBdist IGHV1S45*01 43.000 39.000 39.000 39.000 38.000 36.000 32.000 49.000 53.000 53.000 53.000 45.000 43.000 57.000 49.000 39.000 38.000 38.000 10.000 26.000 40.000 42.000 0.000 44.000 42.000 50.000 58.000 61.000 50.000 53.000 57.000 55.000 50.000 50.000 58.000 57.000 66.000 59.000 64.000 54.000 54.000 70.000 69.000 60.000 52.000 63.000 38.000 31.000 60.000
VBdist IGHV1S46*01 46.000 38.000 43.000 44.000 38.000 41.000 44.000 34.000 34.000 29.000 40.000 33.000 32.000 44.000 40.000 38.000 32.000 38.000 46.000 42.000 50.000 42.000 44.000 0.000 53.000 34.000 38.000 46.000 39.000 38.000 37.000 32.000 34.000 43.000 45.000 45.000 55.000 54.000 52.000 51.000 41.000 54.000 53.000 47.000 41.000 56.000 35.000 32.000 37.000
VBdist IGHV1S47*01 49.000 49.000 49.000 45.000 45.000 46.000 42.000 37.000 42.000 35.000 41.000 33.000 40.000 33.000 48.000 49.000 48.000 45.000 42.000 41.000 32.000 44.000 42.000 53.000 0.000 54.000 50.000 49.000 42.000 45.000 46.000 44.000 42.000 42.000 50.000 37.000 58.000 40.000 51.000 47.000 46.000 50.000 57.000 52.000 44.000 55.000 44.000 38.000 42.000
VBdist IGHV1S48*01 56.000 47.000 49.000 48.000 44.000 51.000 52.000 33.000 40.000 38.000 44.000 40.000 38.000 48.000 44.000 47.000 44.000 44.000 51.000 41.000 59.000 51.000 50.000 34.000 54.000 0.000 36.000 48.000 41.000 37.000 36.000 35.000 36.000 41.000 42.000 44.000 53.000 53.000 48.000 49.000 43.000 50.000 55.000 47.000 44.000 54.000 43.000 31.000 38.000
VBdist IGHV1S49*01 47.000 43.000 49.000 46.000 35.000 46.000 46.000 28.000 28.000 36.000 32.000 29.000 38.000 40.000 45.000 43.000 45.000 35.000 58.000 44.000 57.000 51.000 58.000 38.000 50.000 36.000 0.000 37.000 33.000 33.000 22.000 23.000 24.000 38.000 36.000 40.000 40.000 41.000 39.000 42.000 26.000 44.000 44.000 31.000 32.000 31.000 44.000 44.000 39.000
VBdist IGHV1S50*01 43.000 36.000 38.000 39.000 51.000 36.000 43.000 22.000 21.000 44.000 26.000 27.000 40.000 26.000 39.000 36.000 42.000 51.000 61.000 55.000 60.000 47.000 61.000 46.000 49.000 48.000 37.000 0.000 16.000 30.000 32.000 28.000 23.000 32.000 30.000 23.000 36.000 36.000 28.000 41.000 30.000 38.000 32.000 30.000 25.000 26.000 37.000 54.000 47.000
VBdist IGHV1S51*01 31.000 30.000 23.000 32.000 44.000 24.000 32.000 19.000 8.000 37.000 20.000 16.000 28.000 24.000 30.000 30.000 31.000 44.000 50.000 43.000 54.000 45.000 50.000 39.000 42.000 41.000 33.000 16.000 0.000 19.000 24.000 26.000 16.000 17.000 23.000 22.000 32.000 36.000 32.000 32.000 26.000 35.000 26.000 25.000 14.000 25.000 35.000 43.000 44.000
VBdist IGHV1S52*01 50.000 37.000 37.000 44.000 43.000 43.000 43.000 12.000 27.000 41.000 24.000 19.000 28.000 28.000 29.000 37.000 30.000 43.000 53.000 46.000 53.000 44.000 53.000 38.000 45.000 37.000 33.000 30.000 19.000 0.000 29.000 19.000 18.000 25.000 23.000 31.000 36.000 36.000 33.000 36.000 26.000 39.000 41.000 30.000 23.000 37.000 34.000 46.000 32.000
VBdist IGHV1S53*01 41.000 42.000 47.000 42.000 31.000 40.000 45.000 21.000 19.000 33.000 29.000 24.000 38.000 37.000 43.000 42.000 43.000 31.000 57.000 43.000 51.000 50.000 57.000 37.000 46.000 36.000 22.000 32.000 24.000 29.000 0.000 19.000 16.000 25.000 28.000 36.000 34.000 39.000 35.000 38.000 23.000 31.000 35.000 24.000 22.000 35.000 43.000 44.000 42.000
VBdist IGHV1S54*01 48.000 41.000 44.000 40.000 37.000 43.000 43.000 12.000 18.000 31.000 28.000 23.000 29.000 32.000 36.000 41.000 37.000 37.000 55.000 41.000 52.000 45.000 55.000 32.000 44.000 35.000 23.000 28.000 26.000 19.000 19.000 0.000 22.000 28.000 23.000 25.000 37.000 38.000 28.000 37.000 23.000 36.000 43.000 32.000 27.000 34.000 38.000 42.000 33.000
VBdist IGHV1S55*01 39.000 29.000 31.000 36.000 28.000 36.000 36.000 14.000 21.000 33.000 19.000 11.000 28.000 27.000 30.000 29.000 30.000 28.000 50.000 44.000 46.000 40.000 50.000 34.000 42.000 36.000 24.000 23.000 16.000 18.000 16.000 22.000 0.000 21.000 19.000 29.000 28.000 32.000 29.000 32.000 18.000 27.000 30.000 21.000 17.000 29.000 30.000 43.000 39.000
VBdist IGHV1S56*01 42.000 36.000 28.000 31.000 42.000 35.000 32.000 21.000 25.000 32.000 29.000 24.000 29.000 33.000 35.000 36.000 35.000 42.000 50.000 45.000 47.000 47.000 50.000 43.000 42.000 41.000 38.000 32.000 17.000 25.000 25.000 28.000 21.000 0.000 18.000 25.000 35.000 40.000 35.000 32.000 32.000 27.000 37.000 33.000 18.000 32.000 39.000 45.000 44.000
VBdist IGHV1S57*01 50.000 40.000 38.000 37.000 44.000 43.000 40.000 15.000 28.000 38.000 27.000 26.000 36.000 31.000 41.000 40.000 41.000 44.000 58.000 52.000 54.000 51.000 58.000 45.000 50.000 42.000 36.000 30.000 23.000 23.000 28.000 23.000 19.000 18.000 0.000 30.000 36.000 40.000 34.000 39.000 30.000 28.000 41.000 34.000 26.000 36.000 41.000 51.000 42.000
VBdist IGHV1S58*01 46.000 37.000 36.000 31.000 50.000 39.000 39.000 19.000 27.000 28.000 27.000 26.000 32.000 19.000 34.000 37.000 41.000 50.000 57.000 50.000 61.000 48.000 57.000 45.000 37.000 44.000 40.000 23.000 22.000 31.000 36.000 25.000 29.000 25.000 30.000 0.000 40.000 33.000 30.000 32.000 34.000 38.000 30.000 39.000 22.000 29.000 37.000 49.000 34.000
VBdist IGHV1S59*01 59.000 50.000 51.000 53.000 52.000 48.000 48.000 32.000 37.000 54.000 36.000 36.000 45.000 40.000 48.000 50.000 51.000 52.000 66.000 60.000 62.000 58.000 66.000 55.000 58.000 53.000 40.000 36.000 32.000 36.000 34.000 37.000 28.000 35.000 36.000 40.000 0.000 34.000 40.000 34.000 14.000 32.000 38.000 32.000 32.000 35.000 51.000 59.000 56.000
VBdist IGHV1S60*01 60.000 47.000 52.000 50.000 49.000 53.000 49.000 28.000 41.000 36.000 36.000 36.000 37.000 28.000 48.000 47.000 47.000 49.000 59.000 53.000 53.000 48.000 59.000 54.000 40.000 53.000 41.000 36.000 36.000 36.000 39.000 38.000 32.000 40.000 40.000 33.000 34.000 0.000 37.000 26.000 31.000 42.000 39.000 31.000 37.000 35.000 40.000 49.000 38.000
VBdist IGHV1S61*01 60.000 51.000 51.000 50.000 54.000 53.000 54.000 25.000 38.000 43.000 38.000 33.000 43.000 37.000 42.000 51.000 47.000 54.000 64.000 58.000 64.000 51.000 64.000 52.000 51.000 48.000 39.000 28.000 32.000 33.000 35.000 28.000 29.000 35.000 34.000 30.000 40.000 37.000 0.000 37.000 33.000 42.000 42.000 32.000 37.000 34.000 47.000 57.000 48.000
VBdist IGHV1S62*01 53.000 48.000 44.000 45.000 47.000 46.000 44.000 31.000 37.000 39.000 40.000 32.000 31.000 44.000 37.000 48.000 44.000 47.000 54.000 47.000 56.000 49.000 54.000 51.000 47.000 49.000 42.000 41.000 32.000 36.000 38.000 37.000 32.000 32.000 39.000 32.000 34.000 26.000 37.000 0.000 31.000 45.000 35.000 27.000 33.000 35.000 44.000 43.000 46.000
VBdist IGHV1S63*01 49.000 44.000 45.000 43.000 38.000 38.000 38.000 22.000 27.000 40.000 30.000 26.000 35.000 34.000 38.000 44.000 41.000 38.000 54.000 46.000 54.000 51.000 54.000 41.000 46.000 43.000 26.000 30.000 26.000 26.000 23.000 23.000 18.000 32.000 30.000 34.000 14.000 31.000 33.000 31.000 0.000 38.000 41.000 29.000 29.000 36.000 41.000 47.000 46.000
VBdist IGHV1S64*01 54.000 52.000 50.000 45.000 49.000 55.000 52.000 27.000 37.000 43.000 39.000 38.000 48.000 39.000 52.000 52.000 53.000 49.000 70.000 61.000 46.000 40.000 70.000 54.000 50.000 50.000 44.000 38.000 35.000 39.000 31.000 36.000 27.000 27.000 28.000 38.000 32.000 42.000 42.000 45.000 38.000 0.000 46.000 39.000 35.000 42.000 49.000 60.000 51.000
VBdist IGHV1S65*01 46.000 41.000 45.000 50.000 54.000 43.000 51.000 37.000 31.000 51.000 34.000 34.000 47.000 38.000 43.000 41.000 49.000 54.000 69.000 62.000 65.000 58.000 69.000 53.000 57.000 55.000 44.000 32.000 26.000 41.000 35.000 43.000 30.000 37.000 41.000 30.000 38.000 39.000 42.000 35.000 41.000 46.000 0.000 26.000 29.000 32.000 49.000 61.000 54.000
VBdist IGHV1S66*01 48.000 39.000 48.000 51.000 46.000 45.000 50.000 26.000 30.000 48.000 26.000 25.000 39.000 34.000 38.000 39.000 43.000 46.000 60.000 54.000 52.000 44.000 60.000 47.000 52.000 47.000 31.000 30.000 25.000 30.000 24.000 32.000 21.000 33.000 34.000 39.000 32.000 31.000 32.000 27.000 29.000 39.000 26.000 0.000 22.000 32.000 40.000 53.000 50.000
VBdist IGHV1S67*01 37.000 28.000 32.000 35.000 42.000 34.000 34.000 19.000 19.000 40.000 15.000 14.000 28.000 23.000 33.000 28.000 37.000 42.000 52.000 46.000 53.000 47.000 52.000 41.000 44.000 44.000 32.000 25.000 14.000 23.000 22.000 27.000 17.000 18.000 26.000 22.000 32.000 37.000 37.000 33.000 29.000 35.000 29.000 22.000 0.000 22.000 37.000 45.000 43.000
VBdist IGHV1S68*01 48.000 43.000 44.000 45.000 53.000 45.000 45.000 32.000 30.000 50.000 29.000 29.000 42.000 37.000 46.000 43.000 52.000 53.000 63.000 57.000 64.000 60.000 63.000 56.000 55.000 54.000 31.000 26.000 25.000 37.000 35.000 34.000 29.000 32.000 36.000 29.000 35.000 35.000 34.000 35.000 36.000 42.000 32.000 32.000 22.000 0.000 52.000 56.000 53.000
VBdist IGHV1S69*01 28.000 11.000 15.000 16.000 20.000 21.000 24.000 26.000 40.000 38.000 31.000 27.000 27.000 31.000 25.000 11.000 7.000 20.000 38.000 24.000 52.000 18.000 38.000 35.000 44.000 43.000 44.000 37.000 35.000 34.000 43.000 38.000 30.000 39.000 41.000 37.000 51.000 40.000 47.000 44.000 41.000 49.000 49.000 40.000 37.000 52.000 0.000 45.000 34.000
VBdist IGHV1S7*01 50.000 48.000 46.000 46.000 39.000 45.000 41.000 42.000 40.000 27.000 48.000 40.000 27.000 52.000 48.000 48.000 45.000 39.000 28.000 25.000 42.000 52.000 31.000 32.000 38.000 31.000 44.000 54.000 43.000 46.000 44.000 42.000 43.000 45.000 51.000 49.000 59.000 49.000 57.000 43.000 47.000 60.000 61.000 53.000 45.000 56.000 45.000 0.000 38.000
VBdist IGHV1S8*01 56.000 45.000 45.000 42.000 40.000 51.000 50.000 27.000 43.000 20.000 42.000 38.000 23.000 34.000 44.000 45.000 38.000 40.000 60.000 44.000 62.000 45.000 60.000 37.000 42.000 38.000 39.000 47.000 44.000 32.000 42.000 33.000 39.000 44.000 42.000 34.000 56.000 38.000 48.000 46.000 46.000 51.000 54.000 50.000 43.000 53.000 34.000 38.000 0.000
