AAdist A 0.000 4.000 4.000 4.000 4.000 4.000 4.000 4.000 4.000 4.000 4.000 4.000 4.000 4.000 4.000 3.000 4.000 4.000 4.000 4.000
AAdist C 4.000 0.000 4.000 4.000 4.000 4.000 4.000 4.000 4.000 4.000 4.000 4.000 4.000 4.000 4.000 4.000 4.000 4.000 4.000 4.000
AAdist D 4.000 4.000 0.000 2.000 4.000 4.000 4.000 4.000 4.000 4.000 4.000 3.000 4.000 4.000 4.000 4.000 4.000 4.000 4.000 4.000
AAdist E 4.000 4.000 2.000 0.000 4.000 4.000 4.000 4.000 3.000 4.000 4.000 4.000 4.000 2.000 4.000 4.000 4.000 4.000 4.000 4.000
AAdist F 4.000 4.000 4.000 4.000 0.000 4.000 4.000 4.000 4.000 4.000 4.000 4.000 4.000 4.000 4.000 4.000 4.000 4.000 3.000 1.000
AAdist G 4.000 4.000 4.000 4.000 4.000 0.000 4.000 4.000 4.000 4.000 4.000 4.000 4.000 4.000 4.000 4.000 4.000 4.000 4.000 4.000
AAdist H 4.000 4.000 4.000 4.000 4.000 4.000 0.000 4.000 4.000 4.000 4.000 3.000 4.000 4.000 4.000 4.000 4.000 4.000 4.000 2.000
AAdist I 4.000 4.000 4.000 4.000 4.000 4.000 4.000 0.000 4.000 2.000 3.000 4.000 4.000 4.000 4.000 4.000 4.000 1.000 4.000 4.000
AAdist K 4.000 4.000 4.000 3.000 4.000 4.000 4.000 4.000 0.000 4.000 4.000 4.000 4.000 3.000 2.000 4.000 4.000 4.000 4.000 4.000
AAdist L 4.000 4.000 4.000 4.000 4.000 4.000 4.000 2.000 4.000 0.000 2.000 4.000 4.000 4.000 4.000 4.000 4.000 3.000 4.000 4.000
AAdist M 4.000 4.000 4.000 4.000 4.000 4.000 4.000 3.000 4.000 2.000 0.000 4.000 4.000 4.000 4.000 4.000 4.000 3.000 4.000 4.000
AAdist N 4.000 4.000 3.000 4.000 4.000 4.000 3.000 4.000 4.000 4.000 4.000 0.000 4.000 4.000 4.000 3.000 4.000 4.000 4.000 4.000
AAdist P 4.000 4.000 4.000 4.000 4.000 4.000 4.000 4.000 4.000 4.000 4.000 4.000 0.000 4.000 4.000 4.000 4.000 4.000 4.000 4.000
AAdist Q 4.000 4.000 4.000 2.000 4.000 4.000 4.000 4.000 3.000 4.000 4.000 4.000 4.000 0.000 3.000 4.000 4.000 4.000 4.000 4.000
AAdist R 4.000 4.000 4.000 4.000 4.000 4.000 4.000 4.000 2.000 4.000 4.000 4.000 4.000 3.000 0.000 4.000 4.000 4.000 4.000 4.000
AAdist S 3.000 4.000 4.000 4.000 4.000 4.000 4.000 4.000 4.000 4.000 4.000 3.000 4.000 4.000 4.000 0.000 3.000 4.000 4.000 4.000
AAdist T 4.000 4.000 4.000 4.000 4.000 4.000 4.000 4.000 4.000 4.000 4.000 4.000 4.000 4.000 4.000 3.000 0.000 4.000 4.000 4.000
AAdist V 4.000 4.000 4.000 4.000 4.000 4.000 4.000 1.000 4.000 3.000 3.000 4.000 4.000 4.000 4.000 4.000 4.000 0.000 4.000 4.000
AAdist W 4.000 4.000 4.000 4.000 3.000 4.000 4.000 4.000 4.000 4.000 4.000 4.000 4.000 4.000 4.000 4.000 4.000 4.000 0.000 2.000
AAdist Y 4.000 4.000 4.000 4.000 1.000 4.000 2.000 4.000 4.000 4.000 4.000 4.000 4.000 4.000 4.000 4.000 4.000 4.000 2.000 0.000
num_VA_genes 24
VAdist TRGV1-1*01 0.000 0.000 5.000 43.000 12.000 10.000 7.000 7.000 4.000 10.000 18.000 10.000 43.000 43.000 43.000 12.000 12.000 43.000 43.000 38.000 38.000 79.000 81.000 74.000
VAdist TRGV1-1*02 0.000 0.000 5.000 43.000 12.000 10.000 7.000 7.000 4.000 10.000 18.000 10.000 43.000 43.000 43.000 12.000 12.000 43.000 43.000 38.000 38.000 79.000 81.000 74.000
VAdist TRGV1-1*03 5.000 5.000 0.000 43.000 15.000 15.000 12.000 12.000 9.000 15.000 23.000 15.000 43.000 43.000 43.000 15.000 15.000 43.000 43.000 39.000 39.000 79.000 82.000 74.000
VAdist TRGV1-2*01 43.000 43.000 43.000 0.000 32.000 36.000 36.000 36.000 43.000 36.000 32.000 36.000 0.000 0.000 0.000 32.000 32.000 0.000 0.000 22.000 22.000 84.000 70.000 76.000
VAdist TRGV1-3*01 12.000 12.000 15.000 32.000 0.000 5.000 5.000 5.000 12.000 5.000 13.000 5.000 32.000 32.000 32.000 0.000 0.000 32.000 32.000 27.000 27.000 82.000 77.000 74.000
VAdist TRGV1-3*02 10.000 10.000 15.000 36.000 5.000 0.000 8.000 8.000 10.000 0.000 8.000 0.000 36.000 36.000 36.000 5.000 5.000 36.000 36.000 31.000 31.000 82.000 77.000 74.000
VAdist TRGV1-3*03 7.000 7.000 12.000 36.000 5.000 8.000 0.000 0.000 11.000 8.000 16.000 8.000 36.000 36.000 36.000 5.000 5.000 36.000 36.000 31.000 31.000 82.000 81.000 74.000
VAdist TRGV1-3*04 7.000 7.000 12.000 36.000 5.000 8.000 0.000 0.000 11.000 8.000 16.000 8.000 36.000 36.000 36.000 5.000 5.000 36.000 36.000 31.000 31.000 82.000 81.000 74.000
VAdist TRGV1-3*05 4.000 4.000 9.000 43.000 12.000 10.000 11.000 11.000 0.000 10.000 18.000 10.000 43.000 43.000 43.000 12.000 12.000 43.000 43.000 38.000 38.000 79.000 81.000 74.000
VAdist TRGV1-3*06 10.000 10.000 15.000 36.000 5.000 0.000 8.000 8.000 10.000 0.000 8.000 0.000 36.000 36.000 36.000 5.000 5.000 36.000 36.000 31.000 31.000 82.000 77.000 74.000
VAdist TRGV1-3*07 18.000 18.000 23.000 32.000 13.000 8.000 16.000 16.000 18.000 8.000 0.000 8.000 32.000 32.000 32.000 13.000 13.000 32.000 32.000 35.000 35.000 83.000 77.000 74.000
VAdist TRGV1-3*08 10.000 10.000 15.000 36.000 5.000 0.000 8.000 8.000 10.000 0.000 8.000 0.000 36.000 36.000 36.000 5.000 5.000 36.000 36.000 31.000 31.000 82.000 77.000 74.000
VAdist TRGV1-4*01 43.000 43.000 43.000 0.000 32.000 36.000 36.000 36.000 43.000 36.000 32.000 36.000 0.000 0.000 0.000 32.000 32.000 0.000 0.000 22.000 22.000 84.000 70.000 76.000
VAdist TRGV1-4*02 43.000 43.000 43.000 0.000 32.000 36.000 36.000 36.000 43.000 36.000 32.000 36.000 0.000 0.000 0.000 32.000 32.000 0.000 0.000 22.000 22.000 84.000 70.000 76.000
VAdist TRGV1-4*03 43.000 43.000 43.000 0.000 32.000 36.000 36.000 36.000 43.000 36.000 32.000 36.000 0.000 0.000 0.000 32.000 32.000 0.000 0.000 22.000 22.000 84.000 70.000 76.000
VAdist TRGV1-5*01 12.000 12.000 15.000 32.000 0.000 5.000 5.000 5.000 12.000 5.000 13.000 5.000 32.000 32.000 32.000 0.000 0.000 32.000 32.000 27.000 27.000 82.000 77.000 74.000
VAdist TRGV1-5*02 12.000 12.000 15.000 32.000 0.000 5.000 5.000 5.000 12.000 5.000 13.000 5.000 32.000 32.000 32.000 0.000 0.000 32.000 32.000 27.000 27.000 82.000 77.000 74.000
VAdist TRGV1-6*01 43.000 43.000 43.000 0.000 32.000 36.000 36.000 36.000 43.000 36.000 32.000 36.000 0.000 0.000 0.000 32.000 32.000 0.000 0.000 22.000 22.000 84.000 70.000 76.000
VAdist TRGV1-6*02 43.000 43.000 43.000 0.000 32.000 36.000 36.000 36.000 43.000 36.000 32.000 36.000 0.000 0.000 0.000 32.000 32.000 0.000 0.000 22.000 22.000 84.000 70.000 76.000
VAdist TRGV1-7*01 38.000 38.000 39.000 22.000 27.000 31.000 31.000 31.000 38.000 31.000 35.000 31.000 22.000 22.000 22.000 27.000 27.000 22.000 22.000 0.000 0.000 81.000 74.000 80.000
VAdist TRGV1-7*02 38.000 38.000 39.000 22.000 27.000 31.000 31.000 31.000 38.000 31.000 35.000 31.000 22.000 22.000 22.000 27.000 27.000 22.000 22.000 0.000 0.000 81.000 74.000 80.000
VAdist TRGV2*01 79.000 79.000 79.000 84.000 82.000 82.000 82.000 82.000 79.000 82.000 83.000 82.000 84.000 84.000 84.000 82.000 82.000 84.000 84.000 81.000 81.000 0.000 65.000 82.000
VAdist TRGV3*01 81.000 81.000 82.000 70.000 77.000 77.000 81.000 81.000 81.000 77.000 77.000 77.000 70.000 70.000 70.000 77.000 77.000 70.000 70.000 74.000 74.000 65.000 0.000 67.000
VAdist TRGV4*01 74.000 74.000 74.000 76.000 74.000 74.000 74.000 74.000 74.000 74.000 74.000 74.000 76.000 76.000 76.000 74.000 74.000 76.000 76.000 80.000 80.000 82.000 67.000 0.000
num_VB_genes 59
VBdist TRAV10*01 0.000 66.000 57.000 58.000 54.000 61.000 71.000 72.000 70.000 60.000 68.000 70.000 53.000 56.000 78.000 53.000 55.000 62.000 77.000 77.000 61.000 78.000 72.000 70.000 64.000 53.000 65.000 59.000 62.000 73.000 73.000 70.000 72.000 71.000 68.000 68.000 80.000 69.000 61.000 62.000 62.000 66.000 58.000 65.000 61.000 72.000 62.000 74.000 73.000 74.000 73.000 73.000 70.000 61.000 63.000 62.000 72.000 71.000 71.000
VBdist TRAV12*01 66.000 0.000 60.000 60.000 62.000 60.000 70.000 72.000 66.000 50.000 65.000 69.000 63.000 51.000 60.000 56.000 64.000 62.000 74.000 70.000 65.000 67.000 57.000 76.000 62.000 38.000 52.000 48.000 46.000 73.000 66.000 70.000 68.000 75.000 70.000 74.000 72.000 63.000 61.000 63.000 63.000 61.000 60.000 60.000 60.000 60.000 63.000 76.000 76.000 73.000 75.000 77.000 68.000 73.000 72.000 65.000 69.000 65.000 67.000
VBdist TRAV13-1*01 57.000 60.000 0.000 16.000 15.000 21.000 58.000 58.000 56.000 54.000 53.000 60.000 40.000 56.000 66.000 64.000 20.000 40.000 68.000 63.000 40.000 68.000 66.000 67.000 63.000 61.000 67.000 60.000 56.000 62.000 57.000 56.000 55.000 60.000 53.000 59.000 82.000 31.000 31.000 28.000 27.000 35.000 30.000 41.000 28.000 34.000 29.000 66.000 67.000 67.000 67.000 62.000 57.000 58.000 58.000 57.000 59.000 70.000 61.000
VBdist TRAV13-2*01 58.000 60.000 16.000 0.000 15.000 25.000 61.000 62.000 60.000 57.000 53.000 64.000 46.000 52.000 65.000 64.000 18.000 39.000 65.000 68.000 48.000 71.000 66.000 67.000 63.000 62.000 67.000 60.000 56.000 59.000 52.000 63.000 59.000 67.000 55.000 62.000 82.000 36.000 28.000 29.000 28.000 35.000 32.000 41.000 32.000 39.000 24.000 67.000 68.000 68.000 67.000 64.000 57.000 59.000 58.000 57.000 61.000 74.000 63.000
VBdist TRAV13-3*01 54.000 62.000 15.000 15.000 0.000 22.000 58.000 62.000 60.000 57.000 58.000 64.000 44.000 55.000 67.000 64.000 14.000 44.000 67.000 67.000 47.000 70.000 66.000 66.000 63.000 58.000 67.000 53.000 56.000 63.000 56.000 62.000 60.000 66.000 56.000 63.000 82.000 36.000 31.000 26.000 25.000 31.000 29.000 42.000 27.000 39.000 26.000 67.000 68.000 63.000 64.000 63.000 57.000 59.000 58.000 57.000 60.000 73.000 62.000
VBdist TRAV13-4*01 61.000 60.000 21.000 25.000 22.000 0.000 54.000 58.000 60.000 50.000 57.000 57.000 41.000 52.000 67.000 63.000 27.000 52.000 64.000 60.000 48.000 64.000 65.000 62.000 62.000 61.000 66.000 53.000 56.000 69.000 62.000 65.000 62.000 69.000 62.000 68.000 82.000 40.000 35.000 32.000 31.000 40.000 31.000 38.000 39.000 43.000 35.000 67.000 71.000 63.000 67.000 63.000 57.000 59.000 58.000 58.000 59.000 73.000 58.000
VBdist TRAV14-1*01 71.000 70.000 58.000 61.000 58.000 54.000 0.000 11.000 64.000 68.000 59.000 33.000 68.000 70.000 63.000 76.000 64.000 70.000 40.000 35.000 68.000 67.000 77.000 66.000 78.000 72.000 78.000 72.000 70.000 66.000 59.000 63.000 63.000 71.000 59.000 61.000 78.000 64.000 67.000 61.000 60.000 60.000 68.000 71.000 63.000 67.000 60.000 68.000 62.000 65.000 58.000 65.000 70.000 72.000 71.000 67.000 50.000 69.000 62.000
VBdist TRAV14-2*01 72.000 72.000 58.000 62.000 62.000 58.000 11.000 0.000 64.000 69.000 59.000 33.000 67.000 72.000 64.000 79.000 68.000 70.000 37.000 32.000 68.000 66.000 77.000 65.000 74.000 69.000 78.000 80.000 70.000 67.000 60.000 63.000 63.000 71.000 59.000 61.000 82.000 64.000 63.000 65.000 64.000 64.000 68.000 71.000 67.000 67.000 64.000 68.000 66.000 69.000 66.000 65.000 71.000 73.000 72.000 68.000 47.000 66.000 62.000
VBdist TRAV16*01 70.000 66.000 56.000 60.000 60.000 60.000 64.000 64.000 0.000 70.000 57.000 70.000 66.000 63.000 68.000 68.000 64.000 67.000 76.000 71.000 70.000 63.000 58.000 63.000 56.000 62.000 60.000 59.000 55.000 61.000 57.000 60.000 61.000 64.000 53.000 57.000 65.000 58.000 64.000 61.000 58.000 61.000 62.000 65.000 61.000 58.000 58.000 61.000 51.000 59.000 55.000 43.000 58.000 54.000 54.000 54.000 56.000 67.000 58.000
VBdist TRAV17*01 60.000 50.000 54.000 57.000 57.000 50.000 68.000 69.000 70.000 0.000 63.000 67.000 50.000 59.000 77.000 61.000 58.000 57.000 79.000 75.000 50.000 77.000 60.000 59.000 64.000 52.000 56.000 48.000 52.000 73.000 72.000 68.000 68.000 69.000 68.000 65.000 80.000 65.000 55.000 63.000 63.000 57.000 63.000 58.000 63.000 66.000 63.000 74.000 74.000 74.000 74.000 77.000 64.000 69.000 64.000 63.000 76.000 74.000 75.000
VBdist TRAV18*01 68.000 65.000 53.000 53.000 58.000 57.000 59.000 59.000 57.000 63.000 0.000 62.000 58.000 60.000 73.000 67.000 59.000 51.000 63.000 62.000 62.000 73.000 62.000 56.000 69.000 66.000 75.000 73.000 64.000 45.000 34.000 34.000 29.000 41.000 29.000 25.000 73.000 59.000 55.000 59.000 58.000 59.000 58.000 58.000 59.000 62.000 54.000 56.000 60.000 52.000 60.000 52.000 52.000 52.000 52.000 49.000 59.000 69.000 67.000
VBdist TRAV19*01 70.000 69.000 60.000 64.000 64.000 57.000 33.000 33.000 70.000 67.000 62.000 0.000 64.000 71.000 68.000 80.000 69.000 69.000 44.000 40.000 68.000 72.000 79.000 60.000 79.000 71.000 80.000 78.000 72.000 72.000 65.000 69.000 66.000 77.000 65.000 67.000 84.000 65.000 62.000 67.000 65.000 65.000 66.000 67.000 66.000 68.000 66.000 66.000 68.000 66.000 68.000 61.000 75.000 77.000 76.000 72.000 52.000 73.000 61.000
VBdist TRAV23*01 53.000 63.000 40.000 46.000 44.000 41.000 68.000 67.000 66.000 50.000 58.000 64.000 0.000 66.000 68.000 65.000 44.000 52.000 71.000 70.000 59.000 64.000 65.000 58.000 67.000 54.000 69.000 57.000 61.000 64.000 62.000 60.000 59.000 61.000 61.000 61.000 82.000 45.000 41.000 48.000 45.000 42.000 40.000 40.000 41.000 48.000 46.000 62.000 66.000 62.000 66.000 61.000 62.000 59.000 59.000 59.000 67.000 70.000 62.000
VBdist TRAV24*01 56.000 51.000 56.000 52.000 55.000 52.000 70.000 72.000 63.000 59.000 60.000 71.000 66.000 0.000 71.000 66.000 57.000 57.000 76.000 76.000 50.000 80.000 44.000 66.000 57.000 56.000 54.000 59.000 54.000 69.000 55.000 62.000 61.000 69.000 61.000 74.000 79.000 55.000 51.000 52.000 50.000 54.000 46.000 53.000 50.000 55.000 50.000 75.000 75.000 75.000 74.000 72.000 64.000 63.000 63.000 57.000 67.000 76.000 65.000
VBdist TRAV26*01 78.000 60.000 66.000 65.000 67.000 67.000 63.000 64.000 68.000 77.000 73.000 68.000 68.000 71.000 0.000 68.000 65.000 65.000 68.000 67.000 71.000 27.000 68.000 74.000 67.000 61.000 66.000 65.000 66.000 65.000 65.000 74.000 69.000 78.000 69.000 69.000 71.000 64.000 68.000 66.000 63.000 64.000 70.000 72.000 65.000 64.000 64.000 75.000 79.000 75.000 78.000 78.000 74.000 72.000 71.000 71.000 57.000 69.000 62.000
VBdist TRAV28*01 53.000 56.000 64.000 64.000 64.000 63.000 76.000 79.000 68.000 61.000 67.000 80.000 65.000 66.000 68.000 0.000 64.000 66.000 82.000 82.000 68.000 72.000 49.000 77.000 53.000 47.000 46.000 48.000 44.000 75.000 72.000 71.000 71.000 71.000 71.000 74.000 65.000 64.000 61.000 59.000 57.000 63.000 64.000 67.000 63.000 67.000 57.000 71.000 69.000 70.000 69.000 73.000 72.000 68.000 74.000 72.000 72.000 68.000 66.000
VBdist TRAV32*01 55.000 64.000 20.000 18.000 14.000 27.000 64.000 68.000 64.000 58.000 59.000 69.000 44.000 57.000 65.000 64.000 0.000 36.000 70.000 65.000 53.000 69.000 64.000 66.000 65.000 59.000 67.000 54.000 60.000 65.000 62.000 68.000 66.000 68.000 62.000 65.000 82.000 37.000 29.000 31.000 26.000 33.000 30.000 43.000 29.000 40.000 24.000 62.000 63.000 59.000 59.000 66.000 59.000 61.000 60.000 59.000 64.000 74.000 66.000
VBdist TRAV37*01 62.000 62.000 40.000 39.000 44.000 52.000 70.000 70.000 67.000 57.000 51.000 69.000 52.000 57.000 65.000 66.000 36.000 0.000 73.000 68.000 55.000 69.000 68.000 71.000 66.000 61.000 66.000 66.000 65.000 61.000 60.000 64.000 62.000 64.000 60.000 62.000 81.000 42.000 35.000 44.000 43.000 42.000 44.000 43.000 29.000 45.000 39.000 54.000 60.000 60.000 60.000 66.000 64.000 68.000 67.000 64.000 68.000 70.000 70.000
VBdist TRAV38-1*01 77.000 74.000 68.000 65.000 67.000 64.000 40.000 37.000 76.000 79.000 63.000 44.000 71.000 76.000 68.000 82.000 70.000 73.000 0.000 11.000 75.000 62.000 78.000 68.000 81.000 77.000 82.000 82.000 81.000 69.000 65.000 68.000 65.000 72.000 65.000 64.000 82.000 71.000 71.000 72.000 71.000 71.000 71.000 74.000 74.000 68.000 72.000 69.000 74.000 69.000 74.000 66.000 69.000 73.000 69.000 66.000 46.000 65.000 63.000
VBdist TRAV38-2*01 77.000 70.000 63.000 68.000 67.000 60.000 35.000 32.000 71.000 75.000 62.000 40.000 70.000 76.000 67.000 82.000 65.000 68.000 11.000 0.000 75.000 59.000 74.000 68.000 81.000 77.000 82.000 82.000 81.000 68.000 64.000 68.000 65.000 72.000 64.000 62.000 82.000 70.000 71.000 71.000 70.000 70.000 71.000 74.000 73.000 67.000 71.000 64.000 68.000 64.000 68.000 65.000 69.000 73.000 69.000 66.000 46.000 68.000 63.000
VBdist TRAV39*01 61.000 65.000 40.000 48.000 47.000 48.000 68.000 68.000 70.000 50.000 62.000 68.000 59.000 50.000 71.000 68.000 53.000 55.000 75.000 75.000 0.000 73.000 56.000 68.000 53.000 63.000 64.000 65.000 60.000 69.000 64.000 57.000 59.000 61.000 60.000 71.000 80.000 48.000 44.000 47.000 51.000 43.000 53.000 54.000 46.000 51.000 51.000 70.000 67.000 71.000 67.000 62.000 62.000 69.000 65.000 65.000 65.000 72.000 67.000
VBdist TRAV4*01 78.000 67.000 68.000 71.000 70.000 64.000 67.000 66.000 63.000 77.000 73.000 72.000 64.000 80.000 27.000 72.000 69.000 69.000 62.000 59.000 73.000 0.000 72.000 70.000 71.000 68.000 69.000 65.000 69.000 68.000 72.000 74.000 69.000 74.000 72.000 72.000 68.000 65.000 70.000 70.000 70.000 70.000 68.000 70.000 70.000 65.000 71.000 76.000 79.000 76.000 79.000 76.000 71.000 68.000 67.000 72.000 56.000 66.000 58.000
VBdist TRAV41*01 72.000 57.000 66.000 66.000 66.000 65.000 77.000 77.000 58.000 60.000 62.000 79.000 65.000 44.000 68.000 49.000 64.000 68.000 78.000 74.000 56.000 72.000 0.000 67.000 39.000 49.000 40.000 50.000 46.000 67.000 57.000 60.000 59.000 63.000 59.000 69.000 67.000 58.000 63.000 56.000 58.000 60.000 62.000 63.000 65.000 58.000 58.000 67.000 66.000 67.000 66.000 74.000 63.000 63.000 62.000 60.000 67.000 73.000 66.000
VBdist TRAV42*01 70.000 76.000 67.000 67.000 66.000 62.000 66.000 65.000 63.000 59.000 56.000 60.000 58.000 66.000 74.000 77.000 66.000 71.000 68.000 68.000 68.000 70.000 67.000 0.000 69.000 70.000 67.000 71.000 67.000 64.000 58.000 63.000 60.000 67.000 56.000 64.000 82.000 65.000 60.000 63.000 64.000 64.000 64.000 64.000 68.000 65.000 65.000 55.000 60.000 51.000 60.000 56.000 68.000 68.000 64.000 71.000 65.000 69.000 68.000
VBdist TRAV43-1*01 64.000 62.000 63.000 63.000 63.000 62.000 78.000 74.000 56.000 64.000 69.000 79.000 67.000 57.000 67.000 53.000 65.000 66.000 81.000 81.000 53.000 71.000 39.000 69.000 0.000 46.000 33.000 50.000 38.000 63.000 68.000 67.000 67.000 63.000 63.000 73.000 72.000 58.000 57.000 53.000 55.000 58.000 59.000 61.000 62.000 61.000 55.000 69.000 69.000 69.000 69.000 69.000 66.000 64.000 63.000 67.000 71.000 73.000 68.000
VBdist TRAV43-2*01 53.000 38.000 61.000 62.000 58.000 61.000 72.000 69.000 62.000 52.000 66.000 71.000 54.000 56.000 61.000 47.000 59.000 61.000 77.000 77.000 63.000 68.000 49.000 70.000 46.000 0.000 29.000 17.000 20.000 76.000 64.000 66.000 63.000 67.000 67.000 71.000 66.000 60.000 51.000 59.000 59.000 58.000 55.000 58.000 56.000 63.000 59.000 72.000 71.000 72.000 71.000 71.000 73.000 71.000 70.000 62.000 62.000 66.000 64.000
VBdist TRAV43-3*01 65.000 52.000 67.000 67.000 67.000 66.000 78.000 78.000 60.000 56.000 75.000 80.000 69.000 54.000 66.000 46.000 67.000 66.000 82.000 82.000 64.000 69.000 40.000 67.000 33.000 29.000 0.000 27.000 22.000 73.000 67.000 73.000 69.000 65.000 73.000 80.000 63.000 65.000 62.000 60.000 60.000 65.000 64.000 69.000 68.000 65.000 60.000 72.000 68.000 72.000 68.000 72.000 70.000 71.000 70.000 71.000 68.000 71.000 66.000
VBdist TRAV43-4*01 59.000 48.000 60.000 60.000 53.000 53.000 72.000 80.000 59.000 48.000 73.000 78.000 57.000 59.000 65.000 48.000 54.000 66.000 82.000 82.000 65.000 65.000 50.000 71.000 50.000 17.000 27.000 0.000 21.000 72.000 67.000 67.000 64.000 64.000 68.000 72.000 63.000 59.000 60.000 54.000 54.000 60.000 54.000 63.000 57.000 60.000 54.000 75.000 71.000 71.000 67.000 74.000 66.000 67.000 66.000 63.000 66.000 70.000 64.000
VBdist TRAV43-5*01 62.000 46.000 56.000 56.000 56.000 56.000 70.000 70.000 55.000 52.000 64.000 72.000 61.000 54.000 66.000 44.000 60.000 65.000 81.000 81.000 60.000 69.000 46.000 67.000 38.000 20.000 22.000 21.000 0.000 71.000 68.000 68.000 67.000 67.000 67.000 77.000 63.000 55.000 52.000 53.000 53.000 58.000 53.000 59.000 57.000 58.000 53.000 72.000 68.000 72.000 68.000 68.000 68.000 69.000 68.000 69.000 63.000 70.000 61.000
VBdist TRAV45-1*01 73.000 73.000 62.000 59.000 63.000 69.000 66.000 67.000 61.000 73.000 45.000 72.000 64.000 69.000 65.000 75.000 65.000 61.000 69.000 68.000 69.000 68.000 67.000 64.000 63.000 76.000 73.000 72.000 71.000 0.000 24.000 30.000 24.000 22.000 20.000 27.000 69.000 57.000 61.000 58.000 57.000 57.000 61.000 61.000 55.000 58.000 56.000 63.000 65.000 63.000 64.000 68.000 54.000 55.000 54.000 55.000 68.000 72.000 69.000
VBdist TRAV45-2*01 73.000 66.000 57.000 52.000 56.000 62.000 59.000 60.000 57.000 72.000 34.000 65.000 62.000 55.000 65.000 72.000 62.000 60.000 65.000 64.000 64.000 72.000 57.000 58.000 68.000 64.000 67.000 67.000 68.000 24.000 0.000 24.000 16.000 28.000 16.000 30.000 69.000 52.000 54.000 51.000 50.000 50.000 54.000 54.000 50.000 52.000 49.000 59.000 58.000 56.000 57.000 61.000 53.000 54.000 53.000 50.000 60.000 76.000 69.000
VBdist TRAV45-3*01 70.000 70.000 56.000 63.000 62.000 65.000 63.000 63.000 60.000 68.000 34.000 69.000 60.000 62.000 74.000 71.000 68.000 64.000 68.000 68.000 57.000 74.000 60.000 63.000 67.000 66.000 73.000 67.000 68.000 30.000 24.000 0.000 14.000 12.000 16.000 30.000 69.000 55.000 57.000 58.000 57.000 57.000 56.000 57.000 53.000 56.000 57.000 64.000 65.000 63.000 65.000 64.000 49.000 52.000 53.000 46.000 53.000 73.000 70.000
VBdist TRAV45-4*01 72.000 68.000 55.000 59.000 60.000 62.000 63.000 63.000 61.000 68.000 29.000 66.000 59.000 61.000 69.000 71.000 66.000 62.000 65.000 65.000 59.000 69.000 59.000 60.000 67.000 63.000 69.000 64.000 67.000 24.000 16.000 14.000 0.000 18.000 12.000 26.000 65.000 54.000 54.000 55.000 54.000 54.000 54.000 54.000 52.000 55.000 53.000 61.000 65.000 60.000 65.000 61.000 49.000 52.000 53.000 46.000 58.000 73.000 67.000
VBdist TRAV45-5*01 71.000 75.000 60.000 67.000 66.000 69.000 71.000 71.000 64.000 69.000 41.000 77.000 61.000 69.000 78.000 71.000 68.000 64.000 72.000 72.000 61.000 74.000 63.000 67.000 63.000 67.000 65.000 64.000 67.000 22.000 28.000 12.000 18.000 0.000 24.000 35.000 69.000 59.000 61.000 62.000 61.000 61.000 60.000 61.000 57.000 60.000 61.000 64.000 65.000 63.000 65.000 68.000 50.000 53.000 54.000 51.000 65.000 69.000 74.000
VBdist TRAV45-6*01 68.000 70.000 53.000 55.000 56.000 62.000 59.000 59.000 53.000 68.000 29.000 65.000 61.000 61.000 69.000 71.000 62.000 60.000 65.000 64.000 60.000 72.000 59.000 56.000 63.000 67.000 73.000 68.000 67.000 20.000 16.000 16.000 12.000 24.000 0.000 18.000 65.000 52.000 53.000 51.000 50.000 50.000 54.000 54.000 50.000 53.000 49.000 60.000 61.000 60.000 61.000 60.000 49.000 48.000 49.000 46.000 58.000 73.000 67.000
VBdist TRAV45-7*01 68.000 74.000 59.000 62.000 63.000 68.000 61.000 61.000 57.000 65.000 25.000 67.000 61.000 74.000 69.000 74.000 65.000 62.000 64.000 62.000 71.000 72.000 69.000 64.000 73.000 71.000 80.000 72.000 77.000 27.000 30.000 30.000 26.000 35.000 18.000 0.000 73.000 66.000 67.000 65.000 64.000 64.000 68.000 68.000 64.000 67.000 63.000 62.000 63.000 62.000 63.000 61.000 49.000 45.000 45.000 42.000 62.000 68.000 70.000
VBdist TRAV46*01 80.000 72.000 82.000 82.000 82.000 82.000 78.000 82.000 65.000 80.000 73.000 84.000 82.000 79.000 71.000 65.000 82.000 81.000 82.000 82.000 80.000 68.000 67.000 82.000 72.000 66.000 63.000 63.000 63.000 69.000 69.000 69.000 65.000 69.000 65.000 73.000 0.000 74.000 78.000 80.000 78.000 78.000 74.000 74.000 78.000 74.000 78.000 78.000 70.000 78.000 74.000 77.000 69.000 64.000 68.000 65.000 68.000 74.000 67.000
VBdist TRAV5-1*01 69.000 63.000 31.000 36.000 36.000 40.000 64.000 64.000 58.000 65.000 59.000 65.000 45.000 55.000 64.000 64.000 37.000 42.000 71.000 70.000 48.000 65.000 58.000 65.000 58.000 60.000 65.000 59.000 55.000 57.000 52.000 55.000 54.000 59.000 52.000 66.000 74.000 0.000 32.000 25.000 20.000 32.000 15.000 22.000 29.000 3.000 24.000 60.000 65.000 65.000 65.000 60.000 63.000 64.000 64.000 63.000 63.000 74.000 55.000
VBdist TRAV5-10*01 61.000 61.000 31.000 28.000 31.000 35.000 67.000 63.000 64.000 55.000 55.000 62.000 41.000 51.000 68.000 61.000 29.000 35.000 71.000 71.000 44.000 70.000 63.000 60.000 57.000 51.000 62.000 60.000 52.000 61.000 54.000 57.000 54.000 61.000 53.000 67.000 78.000 32.000 0.000 24.000 21.000 20.000 24.000 25.000 18.000 35.000 19.000 64.000 65.000 65.000 65.000 56.000 61.000 64.000 64.000 61.000 63.000 71.000 62.000
VBdist TRAV5-2*01 62.000 63.000 28.000 29.000 26.000 32.000 61.000 65.000 61.000 63.000 59.000 67.000 48.000 52.000 66.000 59.000 31.000 44.000 72.000 71.000 47.000 70.000 56.000 63.000 53.000 59.000 60.000 54.000 53.000 58.000 51.000 58.000 55.000 62.000 51.000 65.000 80.000 25.000 24.000 0.000 7.000 21.000 21.000 30.000 22.000 28.000 11.000 66.000 65.000 64.000 61.000 62.000 58.000 61.000 61.000 58.000 66.000 73.000 65.000
VBdist TRAV5-3*01 62.000 63.000 27.000 28.000 25.000 31.000 60.000 64.000 58.000 63.000 58.000 65.000 45.000 50.000 63.000 57.000 26.000 43.000 71.000 70.000 51.000 70.000 58.000 64.000 55.000 59.000 60.000 54.000 53.000 57.000 50.000 57.000 54.000 61.000 50.000 64.000 78.000 20.000 21.000 7.000 0.000 18.000 16.000 25.000 19.000 23.000 4.000 61.000 64.000 59.000 60.000 60.000 58.000 60.000 60.000 58.000 63.000 74.000 62.000
VBdist TRAV5-4*01 66.000 61.000 35.000 35.000 31.000 40.000 60.000 64.000 61.000 57.000 59.000 65.000 42.000 54.000 64.000 63.000 33.000 42.000 71.000 70.000 43.000 70.000 60.000 64.000 58.000 58.000 65.000 60.000 58.000 57.000 50.000 57.000 54.000 61.000 50.000 64.000 78.000 32.000 20.000 21.000 18.000 0.000 32.000 27.000 13.000 35.000 19.000 57.000 58.000 60.000 54.000 59.000 61.000 64.000 64.000 61.000 63.000 70.000 62.000
VBdist TRAV5-5*01 58.000 60.000 30.000 32.000 29.000 31.000 68.000 68.000 62.000 63.000 58.000 66.000 40.000 46.000 70.000 64.000 30.000 44.000 71.000 71.000 53.000 68.000 62.000 64.000 59.000 55.000 64.000 54.000 53.000 61.000 54.000 56.000 54.000 60.000 54.000 68.000 74.000 15.000 24.000 21.000 16.000 32.000 0.000 13.000 28.000 18.000 20.000 62.000 70.000 66.000 70.000 62.000 56.000 56.000 57.000 56.000 63.000 74.000 56.000
VBdist TRAV5-6*01 65.000 60.000 41.000 41.000 42.000 38.000 71.000 71.000 65.000 58.000 58.000 67.000 40.000 53.000 72.000 67.000 43.000 43.000 74.000 74.000 54.000 70.000 63.000 64.000 61.000 58.000 69.000 63.000 59.000 61.000 54.000 57.000 54.000 61.000 54.000 68.000 74.000 22.000 25.000 30.000 25.000 27.000 13.000 0.000 27.000 25.000 29.000 62.000 70.000 66.000 70.000 62.000 59.000 59.000 60.000 59.000 66.000 74.000 59.000
VBdist TRAV5-7*01 61.000 60.000 28.000 32.000 27.000 39.000 63.000 67.000 61.000 63.000 59.000 66.000 41.000 50.000 65.000 63.000 29.000 29.000 74.000 73.000 46.000 70.000 65.000 68.000 62.000 56.000 68.000 57.000 57.000 55.000 50.000 53.000 52.000 57.000 50.000 64.000 78.000 29.000 18.000 22.000 19.000 13.000 28.000 27.000 0.000 32.000 20.000 59.000 58.000 60.000 54.000 59.000 61.000 64.000 64.000 61.000 66.000 73.000 65.000
VBdist TRAV5-8*01 72.000 60.000 34.000 39.000 39.000 43.000 67.000 67.000 58.000 66.000 62.000 68.000 48.000 55.000 64.000 67.000 40.000 45.000 68.000 67.000 51.000 65.000 58.000 65.000 61.000 63.000 65.000 60.000 58.000 58.000 52.000 56.000 55.000 60.000 53.000 67.000 74.000 3.000 35.000 28.000 23.000 35.000 18.000 25.000 32.000 0.000 27.000 63.000 68.000 68.000 68.000 63.000 64.000 64.000 64.000 64.000 63.000 74.000 55.000
VBdist TRAV5-9*01 62.000 63.000 29.000 24.000 26.000 35.000 60.000 64.000 58.000 63.000 54.000 66.000 46.000 50.000 64.000 57.000 24.000 39.000 72.000 71.000 51.000 71.000 58.000 65.000 55.000 59.000 60.000 54.000 53.000 56.000 49.000 57.000 53.000 61.000 49.000 63.000 78.000 24.000 19.000 11.000 4.000 19.000 20.000 29.000 20.000 27.000 0.000 62.000 64.000 60.000 60.000 61.000 58.000 60.000 60.000 58.000 64.000 74.000 63.000
VBdist TRAV8-1*01 74.000 76.000 66.000 67.000 67.000 67.000 68.000 68.000 61.000 74.000 56.000 66.000 62.000 75.000 75.000 71.000 62.000 54.000 69.000 64.000 70.000 76.000 67.000 55.000 69.000 72.000 72.000 75.000 72.000 63.000 59.000 64.000 61.000 64.000 60.000 62.000 78.000 60.000 64.000 66.000 61.000 57.000 62.000 62.000 59.000 63.000 62.000 0.000 27.000 19.000 27.000 38.000 66.000 68.000 68.000 66.000 71.000 74.000 73.000
VBdist TRAV8-2*01 73.000 76.000 67.000 68.000 68.000 71.000 62.000 66.000 51.000 74.000 60.000 68.000 66.000 75.000 79.000 69.000 63.000 60.000 74.000 68.000 67.000 79.000 66.000 60.000 69.000 71.000 68.000 71.000 68.000 65.000 58.000 65.000 65.000 65.000 61.000 63.000 70.000 65.000 65.000 65.000 64.000 58.000 70.000 70.000 58.000 68.000 64.000 27.000 0.000 25.000 4.000 28.000 64.000 67.000 67.000 60.000 75.000 78.000 77.000
VBdist TRAV8-3*01 74.000 73.000 67.000 68.000 63.000 63.000 65.000 69.000 59.000 74.000 52.000 66.000 62.000 75.000 75.000 70.000 59.000 60.000 69.000 64.000 71.000 76.000 67.000 51.000 69.000 72.000 72.000 71.000 72.000 63.000 56.000 63.000 60.000 63.000 60.000 62.000 78.000 65.000 65.000 64.000 59.000 60.000 66.000 66.000 60.000 68.000 60.000 19.000 25.000 0.000 21.000 34.000 65.000 67.000 67.000 65.000 71.000 71.000 73.000
VBdist TRAV8-4*01 73.000 75.000 67.000 67.000 64.000 67.000 58.000 66.000 55.000 74.000 60.000 68.000 66.000 74.000 78.000 69.000 59.000 60.000 74.000 68.000 67.000 79.000 66.000 60.000 69.000 71.000 68.000 67.000 68.000 64.000 57.000 65.000 65.000 65.000 61.000 63.000 74.000 65.000 65.000 61.000 60.000 54.000 70.000 70.000 54.000 68.000 60.000 27.000 4.000 21.000 0.000 32.000 64.000 67.000 67.000 64.000 75.000 78.000 77.000
VBdist TRAV8-5*01 73.000 77.000 62.000 64.000 63.000 63.000 65.000 65.000 43.000 77.000 52.000 61.000 61.000 72.000 78.000 73.000 66.000 66.000 66.000 65.000 62.000 76.000 74.000 56.000 69.000 71.000 72.000 74.000 68.000 68.000 61.000 64.000 61.000 68.000 60.000 61.000 77.000 60.000 56.000 62.000 60.000 59.000 62.000 62.000 59.000 63.000 61.000 38.000 28.000 34.000 32.000 0.000 61.000 66.000 66.000 57.000 67.000 75.000 69.000
VBdist TRAV9-1*01 70.000 68.000 57.000 57.000 57.000 57.000 70.000 71.000 58.000 64.000 52.000 75.000 62.000 64.000 74.000 72.000 59.000 64.000 69.000 69.000 62.000 71.000 63.000 68.000 66.000 73.000 70.000 66.000 68.000 54.000 53.000 49.000 49.000 50.000 49.000 49.000 69.000 63.000 61.000 58.000 58.000 61.000 56.000 59.000 61.000 64.000 58.000 66.000 64.000 65.000 64.000 61.000 0.000 24.000 12.000 15.000 67.000 72.000 71.000
VBdist TRAV9-2*01 61.000 73.000 58.000 59.000 59.000 59.000 72.000 73.000 54.000 69.000 52.000 77.000 59.000 63.000 72.000 68.000 61.000 68.000 73.000 73.000 69.000 68.000 63.000 68.000 64.000 71.000 71.000 67.000 69.000 55.000 54.000 52.000 52.000 53.000 48.000 45.000 64.000 64.000 64.000 61.000 60.000 64.000 56.000 59.000 64.000 64.000 60.000 68.000 67.000 67.000 67.000 66.000 24.000 0.000 12.000 24.000 65.000 68.000 65.000
VBdist TRAV9-3*01 63.000 72.000 58.000 58.000 58.000 58.000 71.000 72.000 54.000 64.000 52.000 76.000 59.000 63.000 71.000 74.000 60.000 67.000 69.000 69.000 65.000 67.000 62.000 64.000 63.000 70.000 70.000 66.000 68.000 54.000 53.000 53.000 53.000 54.000 49.000 45.000 68.000 64.000 64.000 61.000 60.000 64.000 57.000 60.000 64.000 64.000 60.000 68.000 67.000 67.000 67.000 66.000 12.000 12.000 0.000 19.000 67.000 72.000 71.000
VBdist TRAV9-4*01 62.000 65.000 57.000 57.000 57.000 58.000 67.000 68.000 54.000 63.000 49.000 72.000 59.000 57.000 71.000 72.000 59.000 64.000 66.000 66.000 65.000 72.000 60.000 71.000 67.000 62.000 71.000 63.000 69.000 55.000 50.000 46.000 46.000 51.000 46.000 42.000 65.000 63.000 61.000 58.000 58.000 61.000 56.000 59.000 61.000 64.000 58.000 66.000 60.000 65.000 64.000 57.000 15.000 24.000 19.000 0.000 64.000 71.000 71.000
VBdist TRDV1*01 72.000 69.000 59.000 61.000 60.000 59.000 50.000 47.000 56.000 76.000 59.000 52.000 67.000 67.000 57.000 72.000 64.000 68.000 46.000 46.000 65.000 56.000 67.000 65.000 71.000 62.000 68.000 66.000 63.000 68.000 60.000 53.000 58.000 65.000 58.000 62.000 68.000 63.000 63.000 66.000 63.000 63.000 63.000 66.000 66.000 63.000 64.000 71.000 75.000 71.000 75.000 67.000 67.000 65.000 67.000 64.000 0.000 60.000 32.000
VBdist TRDV3*01 71.000 65.000 70.000 74.000 73.000 73.000 69.000 66.000 67.000 74.000 69.000 73.000 70.000 76.000 69.000 68.000 74.000 70.000 65.000 68.000 72.000 66.000 73.000 69.000 73.000 66.000 71.000 70.000 70.000 72.000 76.000 73.000 73.000 69.000 73.000 68.000 74.000 74.000 71.000 73.000 74.000 70.000 74.000 74.000 73.000 74.000 74.000 74.000 78.000 71.000 78.000 75.000 72.000 68.000 72.000 71.000 60.000 0.000 58.000
VBdist TRDV5*01 71.000 67.000 61.000 63.000 62.000 58.000 62.000 62.000 58.000 75.000 67.000 61.000 62.000 65.000 62.000 66.000 66.000 70.000 63.000 63.000 67.000 58.000 66.000 68.000 68.000 64.000 66.000 64.000 61.000 69.000 69.000 70.000 67.000 74.000 67.000 70.000 67.000 55.000 62.000 65.000 62.000 62.000 56.000 59.000 65.000 55.000 63.000 73.000 77.000 73.000 77.000 69.000 71.000 65.000 71.000 71.000 32.000 58.000 0.000
