AAdist A 0.000 4.000 4.000 4.000 4.000 4.000 4.000 4.000 4.000 4.000 4.000 4.000 4.000 4.000 4.000 3.000 4.000 4.000 4.000 4.000
AAdist C 4.000 0.000 4.000 4.000 4.000 4.000 4.000 4.000 4.000 4.000 4.000 4.000 4.000 4.000 4.000 4.000 4.000 4.000 4.000 4.000
AAdist D 4.000 4.000 0.000 2.000 4.000 4.000 4.000 4.000 4.000 4.000 4.000 3.000 4.000 4.000 4.000 4.000 4.000 4.000 4.000 4.000
AAdist E 4.000 4.000 2.000 0.000 4.000 4.000 4.000 4.000 3.000 4.000 4.000 4.000 4.000 2.000 4.000 4.000 4.000 4.000 4.000 4.000
AAdist F 4.000 4.000 4.000 4.000 0.000 4.000 4.000 4.000 4.000 4.000 4.000 4.000 4.000 4.000 4.000 4.000 4.000 4.000 3.000 1.000
AAdist G 4.000 4.000 4.000 4.000 4.000 0.000 4.000 4.000 4.000 4.000 4.000 4.000 4.000 4.000 4.000 4.000 4.000 4.000 4.000 4.000
AAdist H 4.000 4.000 4.000 4.000 4.000 4.000 0.000 4.000 4.000 4.000 4.000 3.000 4.000 4.000 4.000 4.000 4.000 4.000 4.000 2.000
AAdist I 4.000 4.000 4.000 4.000 4.000 4.000 4.000 0.000 4.000 2.000 3.000 4.000 4.000 4.000 4.000 4.000 4.000 1.000 4.000 4.000
AAdist K 4.000 4.000 4.000 3.000 4.000 4.000 4.000 4.000 0.000 4.000 4.000 4.000 4.000 3.000 2.000 4.000 4.000 4.000 4.000 4.000
AAdist L 4.000 4.000 4.000 4.000 4.000 4.000 4.000 2.000 4.000 0.000 2.000 4.000 4.000 4.000 4.000 4.000 4.000 3.000 4.000 4.000
AAdist M 4.000 4.000 4.000 4.000 4.000 4.000 4.000 3.000 4.000 2.000 0.000 4.000 4.000 4.000 4.000 4.000 4.000 3.000 4.000 4.000
AAdist N 4.000 4.000 3.000 4.000 4.000 4.000 3.000 4.000 4.000 4.000 4.000 0.000 4.000 4.000 4.000 3.000 4.000 4.000 4.000 4.000
AAdist P 4.000 4.000 4.000 4.000 4.000 4.000 4.000 4.000 4.000 4.000 4.000 4.000 0.000 4.000 4.000 4.000 4.000 4.000 4.000 4.000
AAdist Q 4.000 4.000 4.000 2.000 4.000 4.000 4.000 4.000 3.000 4.000 4.000 4.000 4.000 0.000 3.000 4.000 4.000 4.000 4.000 4.000
AAdist R 4.000 4.000 4.000 4.000 4.000 4.000 4.000 4.000 2.000 4.000 4.000 4.000 4.000 3.000 0.000 4.000 4.000 4.000 4.000 4.000
AAdist S 3.000 4.000 4.000 4.000 4.000 4.000 4.000 4.000 4.000 4.000 4.000 3.000 4.000 4.000 4.000 0.000 3.000 4.000 4.000 4.000
AAdist T 4.000 4.000 4.000 4.000 4.000 4.000 4.000 4.000 4.000 4.000 4.000 4.000 4.000 4.000 4.000 3.000 0.000 4.000 4.000 4.000
AAdist V 4.000 4.000 4.000 4.000 4.000 4.000 4.000 1.000 4.000 3.000 3.000 4.000 4.000 4.000 4.000 4.000 4.000 0.000 4.000 4.000
AAdist W 4.000 4.000 4.000 4.000 3.000 4.000 4.000 4.000 4.000 4.000 4.000 4.000 4.000 4.000 4.000 4.000 4.000 4.000 0.000 2.000
AAdist Y 4.000 4.000 4.000 4.000 1.000 4.000 2.000 4.000 4.000 4.000 4.000 4.000 4.000 4.000 4.000 4.000 4.000 4.000 2.000 0.000
num_VA_genes 48
VAdist TRAV10*01 0.000 57.000 50.000 50.000 76.000 67.000 58.000 66.000 74.000 66.000 50.000 68.000 62.000 61.000 63.000 74.000 70.000 66.000 53.000 67.000 67.000 67.000 66.000 61.000 61.000 77.000 73.000 73.000 63.000 63.000 62.000 62.000 62.000 75.000 56.000 50.000 69.000 87.000 74.000 74.000 72.000 76.000 72.000 66.000 54.000 58.000 51.000 58.000
VAdist TRAV12*01 57.000 0.000 37.000 39.000 67.000 57.000 58.000 55.000 67.000 65.000 52.000 59.000 54.000 65.000 73.000 61.000 68.000 59.000 52.000 57.000 76.000 67.000 69.000 45.000 46.000 70.000 66.000 60.000 67.000 60.000 53.000 53.000 53.000 64.000 41.000 67.000 63.000 72.000 61.000 60.000 63.000 70.000 62.000 65.000 62.000 66.000 69.000 69.000
VAdist TRAV13-1*01 50.000 37.000 0.000 8.000 63.000 62.000 53.000 57.000 61.000 65.000 44.000 62.000 48.000 60.000 60.000 63.000 71.000 61.000 32.000 61.000 60.000 61.000 68.000 62.000 42.000 65.000 61.000 68.000 70.000 66.000 54.000 54.000 54.000 78.000 27.000 51.000 56.000 71.000 64.000 63.000 63.000 66.000 62.000 65.000 61.000 62.000 65.000 68.000
VAdist TRAV13-3*01 50.000 39.000 8.000 0.000 67.000 62.000 48.000 57.000 65.000 69.000 47.000 62.000 44.000 64.000 59.000 61.000 71.000 61.000 24.000 61.000 64.000 64.000 69.000 62.000 34.000 69.000 65.000 68.000 70.000 66.000 53.000 53.000 53.000 76.000 27.000 47.000 56.000 71.000 64.000 63.000 63.000 66.000 62.000 65.000 61.000 62.000 65.000 68.000
VAdist TRAV14-5*01 76.000 67.000 63.000 67.000 0.000 74.000 63.000 62.000 39.000 64.000 55.000 70.000 72.000 65.000 70.000 59.000 66.000 72.000 70.000 65.000 46.000 72.000 75.000 66.000 67.000 34.000 26.000 68.000 73.000 81.000 72.000 72.000 72.000 74.000 67.000 73.000 63.000 74.000 68.000 68.000 64.000 71.000 64.000 68.000 66.000 65.000 74.000 67.000
VAdist TRAV16*01 67.000 57.000 62.000 62.000 74.000 0.000 64.000 62.000 68.000 54.000 70.000 62.000 72.000 66.000 71.000 61.000 73.000 59.000 70.000 50.000 71.000 71.000 71.000 63.000 61.000 76.000 72.000 65.000 58.000 58.000 58.000 58.000 58.000 65.000 58.000 66.000 64.000 68.000 60.000 59.000 57.000 69.000 56.000 65.000 62.000 64.000 63.000 63.000
VAdist TRAV17*01 58.000 58.000 53.000 48.000 63.000 64.000 0.000 59.000 65.000 64.000 52.000 55.000 57.000 43.000 56.000 64.000 66.000 56.000 48.000 60.000 65.000 61.000 61.000 74.000 41.000 58.000 57.000 71.000 65.000 57.000 46.000 46.000 46.000 72.000 58.000 51.000 59.000 83.000 70.000 70.000 63.000 70.000 63.000 65.000 56.000 59.000 66.000 59.000
VAdist TRAV18*01 66.000 55.000 57.000 57.000 62.000 62.000 59.000 0.000 52.000 65.000 63.000 59.000 62.000 63.000 72.000 63.000 64.000 65.000 57.000 54.000 66.000 69.000 64.000 61.000 55.000 64.000 60.000 73.000 70.000 72.000 60.000 60.000 60.000 77.000 52.000 64.000 48.000 69.000 58.000 54.000 49.000 54.000 45.000 57.000 62.000 61.000 62.000 55.000
VAdist TRAV19*01 74.000 67.000 61.000 65.000 39.000 68.000 65.000 52.000 0.000 66.000 57.000 68.000 71.000 72.000 80.000 65.000 79.000 72.000 69.000 62.000 53.000 73.000 80.000 71.000 59.000 41.000 37.000 72.000 76.000 80.000 67.000 67.000 67.000 82.000 61.000 74.000 61.000 72.000 59.000 55.000 56.000 61.000 52.000 73.000 73.000 72.000 69.000 70.000
VAdist TRAV2*01 66.000 65.000 65.000 69.000 64.000 54.000 64.000 65.000 66.000 0.000 59.000 63.000 74.000 60.000 73.000 59.000 70.000 65.000 73.000 67.000 63.000 65.000 71.000 59.000 68.000 71.000 66.000 63.000 52.000 61.000 63.000 63.000 63.000 57.000 69.000 71.000 73.000 82.000 72.000 72.000 69.000 80.000 69.000 65.000 68.000 67.000 72.000 64.000
VAdist TRAV21*01 50.000 52.000 44.000 47.000 55.000 70.000 52.000 63.000 57.000 59.000 0.000 62.000 57.000 51.000 63.000 71.000 67.000 60.000 47.000 70.000 62.000 53.000 70.000 54.000 41.000 65.000 61.000 80.000 63.000 68.000 56.000 56.000 56.000 73.000 53.000 55.000 64.000 79.000 68.000 68.000 68.000 72.000 68.000 62.000 60.000 64.000 57.000 61.000
VAdist TRAV22*01 68.000 59.000 62.000 62.000 70.000 62.000 55.000 59.000 68.000 63.000 62.000 0.000 61.000 63.000 66.000 64.000 64.000 36.000 64.000 75.000 72.000 66.000 67.000 62.000 59.000 69.000 69.000 70.000 64.000 51.000 34.000 34.000 34.000 67.000 57.000 69.000 63.000 82.000 69.000 69.000 65.000 71.000 65.000 67.000 64.000 64.000 72.000 64.000
VAdist TRAV23*01 62.000 54.000 48.000 44.000 72.000 72.000 57.000 62.000 71.000 74.000 57.000 61.000 0.000 67.000 63.000 67.000 64.000 65.000 39.000 68.000 70.000 62.000 66.000 59.000 56.000 72.000 71.000 63.000 62.000 74.000 63.000 63.000 63.000 73.000 56.000 57.000 61.000 74.000 65.000 65.000 65.000 69.000 65.000 68.000 63.000 67.000 60.000 59.000
VAdist TRAV24*01 61.000 65.000 60.000 64.000 65.000 66.000 43.000 63.000 72.000 60.000 51.000 63.000 67.000 0.000 61.000 62.000 63.000 67.000 61.000 70.000 63.000 46.000 66.000 62.000 58.000 66.000 62.000 73.000 66.000 60.000 54.000 54.000 54.000 70.000 60.000 59.000 73.000 82.000 73.000 73.000 70.000 81.000 70.000 59.000 55.000 61.000 59.000 55.000
VAdist TRAV25*01 63.000 73.000 60.000 59.000 70.000 71.000 56.000 72.000 80.000 73.000 63.000 66.000 63.000 61.000 0.000 62.000 37.000 57.000 60.000 69.000 68.000 42.000 33.000 62.000 69.000 75.000 75.000 69.000 63.000 61.000 59.000 59.000 59.000 78.000 58.000 64.000 66.000 82.000 75.000 75.000 70.000 77.000 70.000 63.000 65.000 65.000 62.000 61.000
VAdist TRAV26*01 74.000 61.000 63.000 61.000 59.000 61.000 64.000 63.000 65.000 59.000 71.000 64.000 67.000 62.000 62.000 0.000 69.000 64.000 62.000 68.000 63.000 70.000 69.000 67.000 69.000 57.000 57.000 33.000 66.000 68.000 69.000 69.000 69.000 65.000 58.000 67.000 68.000 81.000 74.000 73.000 69.000 73.000 68.000 60.000 60.000 59.000 67.000 59.000
VAdist TRAV27*01 70.000 68.000 71.000 71.000 66.000 73.000 66.000 64.000 79.000 70.000 67.000 64.000 64.000 63.000 37.000 69.000 0.000 55.000 68.000 73.000 78.000 41.000 38.000 63.000 69.000 73.000 72.000 74.000 63.000 54.000 62.000 62.000 62.000 75.000 67.000 71.000 69.000 83.000 71.000 71.000 66.000 73.000 66.000 59.000 65.000 65.000 61.000 60.000
VAdist TRAV28*01 66.000 59.000 61.000 61.000 72.000 59.000 56.000 65.000 72.000 65.000 60.000 36.000 65.000 67.000 57.000 64.000 55.000 0.000 59.000 71.000 75.000 65.000 61.000 57.000 60.000 74.000 77.000 66.000 57.000 40.000 28.000 28.000 28.000 61.000 58.000 68.000 62.000 77.000 67.000 67.000 62.000 69.000 62.000 69.000 66.000 68.000 70.000 69.000
VAdist TRAV29*01 53.000 52.000 32.000 24.000 70.000 70.000 48.000 57.000 69.000 73.000 47.000 64.000 39.000 61.000 60.000 62.000 68.000 59.000 0.000 62.000 70.000 66.000 70.000 59.000 41.000 67.000 67.000 73.000 67.000 60.000 54.000 54.000 54.000 72.000 40.000 50.000 54.000 75.000 66.000 66.000 62.000 66.000 62.000 62.000 63.000 64.000 61.000 68.000
VAdist TRAV3*01 67.000 57.000 61.000 61.000 65.000 50.000 60.000 54.000 62.000 67.000 70.000 75.000 68.000 70.000 69.000 68.000 73.000 71.000 62.000 0.000 73.000 76.000 73.000 58.000 64.000 67.000 63.000 66.000 72.000 69.000 70.000 70.000 70.000 75.000 59.000 74.000 40.000 52.000 36.000 36.000 29.000 46.000 29.000 62.000 69.000 71.000 67.000 68.000
VAdist TRAV33*01 67.000 76.000 60.000 64.000 46.000 71.000 65.000 66.000 53.000 63.000 62.000 72.000 70.000 63.000 68.000 63.000 78.000 75.000 70.000 73.000 0.000 66.000 72.000 71.000 71.000 46.000 42.000 74.000 70.000 80.000 75.000 75.000 75.000 68.000 66.000 66.000 68.000 83.000 73.000 73.000 69.000 76.000 69.000 65.000 67.000 62.000 70.000 59.000
VAdist TRAV34*01 67.000 67.000 61.000 64.000 72.000 71.000 61.000 69.000 73.000 65.000 53.000 66.000 62.000 46.000 42.000 70.000 41.000 65.000 66.000 76.000 66.000 0.000 49.000 62.000 60.000 71.000 70.000 70.000 65.000 61.000 63.000 63.000 63.000 77.000 61.000 60.000 76.000 86.000 77.000 77.000 77.000 84.000 77.000 60.000 60.000 60.000 56.000 52.000
VAdist TRAV35*01 66.000 69.000 68.000 69.000 75.000 71.000 61.000 64.000 80.000 71.000 70.000 67.000 66.000 66.000 33.000 69.000 38.000 61.000 70.000 73.000 72.000 49.000 0.000 66.000 73.000 76.000 78.000 64.000 68.000 64.000 59.000 59.000 59.000 79.000 71.000 70.000 67.000 81.000 68.000 68.000 70.000 78.000 70.000 58.000 62.000 60.000 64.000 59.000
VAdist TRAV36*01 61.000 45.000 62.000 62.000 66.000 63.000 74.000 61.000 71.000 59.000 54.000 62.000 59.000 62.000 62.000 67.000 63.000 57.000 59.000 58.000 71.000 62.000 66.000 0.000 66.000 75.000 73.000 74.000 62.000 60.000 56.000 56.000 56.000 51.000 59.000 67.000 64.000 76.000 68.000 68.000 64.000 74.000 64.000 59.000 66.000 68.000 57.000 60.000
VAdist TRAV37*01 61.000 46.000 42.000 34.000 67.000 61.000 41.000 55.000 59.000 68.000 41.000 59.000 56.000 58.000 69.000 69.000 69.000 60.000 41.000 64.000 71.000 60.000 73.000 66.000 0.000 64.000 60.000 74.000 70.000 63.000 50.000 50.000 50.000 76.000 42.000 51.000 62.000 78.000 61.000 63.000 61.000 70.000 63.000 68.000 69.000 70.000 69.000 70.000
VAdist TRAV38-1*01 77.000 70.000 65.000 69.000 34.000 76.000 58.000 64.000 41.000 71.000 65.000 69.000 72.000 66.000 75.000 57.000 73.000 74.000 67.000 67.000 46.000 71.000 76.000 75.000 64.000 0.000 8.000 67.000 75.000 77.000 72.000 72.000 72.000 82.000 63.000 70.000 61.000 80.000 70.000 70.000 66.000 73.000 66.000 68.000 61.000 60.000 73.000 66.000
VAdist TRAV38-2*01 73.000 66.000 61.000 65.000 26.000 72.000 57.000 60.000 37.000 66.000 61.000 69.000 71.000 62.000 75.000 57.000 72.000 77.000 67.000 63.000 42.000 70.000 78.000 73.000 60.000 8.000 0.000 67.000 74.000 78.000 72.000 72.000 72.000 78.000 59.000 70.000 61.000 80.000 66.000 66.000 62.000 69.000 62.000 67.000 64.000 63.000 72.000 65.000
VAdist TRAV4*01 73.000 60.000 68.000 68.000 68.000 65.000 71.000 73.000 72.000 63.000 80.000 70.000 63.000 73.000 69.000 33.000 74.000 66.000 73.000 66.000 74.000 70.000 64.000 74.000 74.000 67.000 67.000 0.000 71.000 69.000 71.000 71.000 71.000 66.000 70.000 77.000 79.000 76.000 72.000 72.000 72.000 87.000 72.000 70.000 70.000 75.000 77.000 73.000
VAdist TRAV40*01 63.000 67.000 70.000 70.000 73.000 58.000 65.000 70.000 76.000 52.000 63.000 64.000 62.000 66.000 63.000 66.000 63.000 57.000 67.000 72.000 70.000 65.000 68.000 62.000 70.000 75.000 74.000 71.000 0.000 63.000 61.000 61.000 61.000 70.000 70.000 70.000 63.000 79.000 61.000 61.000 68.000 73.000 68.000 52.000 65.000 61.000 54.000 62.000
VAdist TRAV41*01 63.000 60.000 66.000 66.000 81.000 58.000 57.000 72.000 80.000 61.000 68.000 51.000 74.000 60.000 61.000 68.000 54.000 40.000 60.000 69.000 80.000 61.000 64.000 60.000 63.000 77.000 78.000 69.000 63.000 0.000 41.000 41.000 41.000 59.000 59.000 73.000 74.000 79.000 75.000 75.000 71.000 79.000 71.000 59.000 69.000 69.000 70.000 69.000
VAdist TRAV43-1*01 62.000 53.000 54.000 53.000 72.000 58.000 46.000 60.000 67.000 63.000 56.000 34.000 63.000 54.000 59.000 69.000 62.000 28.000 54.000 70.000 75.000 63.000 59.000 56.000 50.000 72.000 72.000 71.000 61.000 41.000 0.000 0.000 0.000 62.000 50.000 68.000 59.000 77.000 65.000 65.000 65.000 71.000 65.000 71.000 59.000 63.000 63.000 66.000
VAdist TRAV43-2*01 62.000 53.000 54.000 53.000 72.000 58.000 46.000 60.000 67.000 63.000 56.000 34.000 63.000 54.000 59.000 69.000 62.000 28.000 54.000 70.000 75.000 63.000 59.000 56.000 50.000 72.000 72.000 71.000 61.000 41.000 0.000 0.000 0.000 62.000 50.000 68.000 59.000 77.000 65.000 65.000 65.000 71.000 65.000 71.000 59.000 63.000 63.000 66.000
VAdist TRAV43-3*01 62.000 53.000 54.000 53.000 72.000 58.000 46.000 60.000 67.000 63.000 56.000 34.000 63.000 54.000 59.000 69.000 62.000 28.000 54.000 70.000 75.000 63.000 59.000 56.000 50.000 72.000 72.000 71.000 61.000 41.000 0.000 0.000 0.000 62.000 50.000 68.000 59.000 77.000 65.000 65.000 65.000 71.000 65.000 71.000 59.000 63.000 63.000 66.000
VAdist TRAV46*01 75.000 64.000 78.000 76.000 74.000 65.000 72.000 77.000 82.000 57.000 73.000 67.000 73.000 70.000 78.000 65.000 75.000 61.000 72.000 75.000 68.000 77.000 79.000 51.000 76.000 82.000 78.000 66.000 70.000 59.000 62.000 62.000 62.000 0.000 70.000 77.000 85.000 89.000 85.000 85.000 82.000 93.000 82.000 67.000 73.000 77.000 73.000 69.000
VAdist TRAV5*01 56.000 41.000 27.000 27.000 67.000 58.000 58.000 52.000 61.000 69.000 53.000 57.000 56.000 60.000 58.000 58.000 67.000 58.000 40.000 59.000 66.000 61.000 71.000 59.000 42.000 63.000 59.000 70.000 70.000 59.000 50.000 50.000 50.000 70.000 0.000 60.000 54.000 72.000 62.000 61.000 55.000 60.000 54.000 62.000 56.000 56.000 59.000 62.000
VAdist TRAV6*01 50.000 67.000 51.000 47.000 73.000 66.000 51.000 64.000 74.000 71.000 55.000 69.000 57.000 59.000 64.000 67.000 71.000 68.000 50.000 74.000 66.000 60.000 70.000 67.000 51.000 70.000 70.000 77.000 70.000 73.000 68.000 68.000 68.000 77.000 60.000 0.000 66.000 83.000 75.000 75.000 74.000 78.000 74.000 67.000 62.000 66.000 62.000 66.000
VAdist TRAV8-1*01 69.000 63.000 56.000 56.000 63.000 64.000 59.000 48.000 61.000 73.000 64.000 63.000 61.000 73.000 66.000 68.000 69.000 62.000 54.000 40.000 68.000 76.000 67.000 64.000 62.000 61.000 61.000 79.000 63.000 74.000 59.000 59.000 59.000 85.000 54.000 66.000 0.000 50.000 30.000 30.000 25.000 32.000 25.000 73.000 69.000 63.000 68.000 71.000
VAdist TRAV8-2*01 87.000 72.000 71.000 71.000 74.000 68.000 83.000 69.000 72.000 82.000 79.000 82.000 74.000 82.000 82.000 81.000 83.000 77.000 75.000 52.000 83.000 86.000 81.000 76.000 78.000 80.000 80.000 76.000 79.000 79.000 77.000 77.000 77.000 89.000 72.000 83.000 50.000 0.000 43.000 39.000 48.000 47.000 44.000 76.000 71.000 81.000 79.000 76.000
VAdist TRAV8-3*01 74.000 61.000 64.000 64.000 68.000 60.000 70.000 58.000 59.000 72.000 68.000 69.000 65.000 73.000 75.000 74.000 71.000 67.000 66.000 36.000 73.000 77.000 68.000 68.000 61.000 70.000 66.000 72.000 61.000 75.000 65.000 65.000 65.000 85.000 62.000 75.000 30.000 43.000 0.000 4.000 18.000 36.000 19.000 69.000 69.000 69.000 66.000 73.000
VAdist TRAV8-4*01 74.000 60.000 63.000 63.000 68.000 59.000 70.000 54.000 55.000 72.000 68.000 69.000 65.000 73.000 75.000 73.000 71.000 67.000 66.000 36.000 73.000 77.000 68.000 68.000 63.000 70.000 66.000 72.000 61.000 75.000 65.000 65.000 65.000 85.000 61.000 75.000 30.000 39.000 4.000 0.000 19.000 32.000 15.000 69.000 68.000 68.000 66.000 69.000
VAdist TRAV8-5*01 72.000 63.000 63.000 63.000 64.000 57.000 63.000 49.000 56.000 69.000 68.000 65.000 65.000 70.000 70.000 69.000 66.000 62.000 62.000 29.000 69.000 77.000 70.000 64.000 61.000 66.000 62.000 72.000 68.000 71.000 65.000 65.000 65.000 82.000 55.000 74.000 25.000 48.000 18.000 19.000 0.000 25.000 4.000 70.000 74.000 74.000 71.000 72.000
VAdist TRAV8-6*01 76.000 70.000 66.000 66.000 71.000 69.000 70.000 54.000 61.000 80.000 72.000 71.000 69.000 81.000 77.000 73.000 73.000 69.000 66.000 46.000 76.000 84.000 78.000 74.000 70.000 73.000 69.000 87.000 73.000 79.000 71.000 71.000 71.000 93.000 60.000 78.000 32.000 47.000 36.000 32.000 25.000 0.000 21.000 81.000 80.000 76.000 74.000 73.000
VAdist TRAV8-7*01 72.000 62.000 62.000 62.000 64.000 56.000 63.000 45.000 52.000 69.000 68.000 65.000 65.000 70.000 70.000 68.000 66.000 62.000 62.000 29.000 69.000 77.000 70.000 64.000 63.000 66.000 62.000 72.000 68.000 71.000 65.000 65.000 65.000 82.000 54.000 74.000 25.000 44.000 19.000 15.000 4.000 21.000 0.000 70.000 73.000 73.000 71.000 68.000
VAdist TRAV9-2*01 66.000 65.000 65.000 65.000 68.000 65.000 65.000 57.000 73.000 65.000 62.000 67.000 68.000 59.000 63.000 60.000 59.000 69.000 62.000 62.000 65.000 60.000 58.000 59.000 68.000 68.000 67.000 70.000 52.000 59.000 71.000 71.000 71.000 67.000 62.000 67.000 73.000 76.000 69.000 69.000 70.000 81.000 70.000 0.000 49.000 52.000 48.000 49.000
VAdist TRAV9-3*01 54.000 62.000 61.000 61.000 66.000 62.000 56.000 62.000 73.000 68.000 60.000 64.000 63.000 55.000 65.000 60.000 65.000 66.000 63.000 69.000 67.000 60.000 62.000 66.000 69.000 61.000 64.000 70.000 65.000 69.000 59.000 59.000 59.000 73.000 56.000 62.000 69.000 71.000 69.000 68.000 74.000 80.000 73.000 49.000 0.000 19.000 23.000 27.000
VAdist TRAV9-4*01 58.000 66.000 62.000 62.000 65.000 64.000 59.000 61.000 72.000 67.000 64.000 64.000 67.000 61.000 65.000 59.000 65.000 68.000 64.000 71.000 62.000 60.000 60.000 68.000 70.000 60.000 63.000 75.000 61.000 69.000 63.000 63.000 63.000 77.000 56.000 66.000 63.000 81.000 69.000 68.000 74.000 76.000 73.000 52.000 19.000 0.000 28.000 22.000
VAdist TRAV9-5*01 51.000 69.000 65.000 65.000 74.000 63.000 66.000 62.000 69.000 72.000 57.000 72.000 60.000 59.000 62.000 67.000 61.000 70.000 61.000 67.000 70.000 56.000 64.000 57.000 69.000 73.000 72.000 77.000 54.000 70.000 63.000 63.000 63.000 73.000 59.000 62.000 68.000 79.000 66.000 66.000 71.000 74.000 71.000 48.000 23.000 28.000 0.000 27.000
VAdist TRAV9-7*01 58.000 69.000 68.000 68.000 67.000 63.000 59.000 55.000 70.000 64.000 61.000 64.000 59.000 55.000 61.000 59.000 60.000 69.000 68.000 68.000 59.000 52.000 59.000 60.000 70.000 66.000 65.000 73.000 62.000 69.000 66.000 66.000 66.000 69.000 62.000 66.000 71.000 76.000 73.000 69.000 72.000 73.000 68.000 49.000 27.000 22.000 27.000 0.000
num_VB_genes 25
VBdist TRBV1*01 0.000 60.000 61.000 59.000 59.000 61.000 63.000 62.000 52.000 62.000 55.000 65.000 61.000 57.000 72.000 56.000 55.000 62.000 62.000 60.000 67.000 63.000 60.000 64.000 64.000
VBdist TRBV10*01 60.000 0.000 54.000 54.000 49.000 55.000 53.000 59.000 53.000 57.000 37.000 46.000 45.000 41.000 55.000 50.000 60.000 57.000 57.000 60.000 58.000 52.000 41.000 60.000 60.000
VBdist TRBV12-1*01 61.000 54.000 0.000 19.000 51.000 52.000 53.000 61.000 40.000 48.000 50.000 50.000 51.000 50.000 59.000 36.000 58.000 40.000 44.000 36.000 39.000 43.000 58.000 38.000 38.000
VBdist TRBV12-2*01 59.000 54.000 19.000 0.000 45.000 54.000 50.000 58.000 42.000 57.000 54.000 46.000 55.000 52.000 55.000 35.000 60.000 43.000 43.000 40.000 44.000 44.000 52.000 37.000 37.000
VBdist TRBV15*01 59.000 49.000 51.000 45.000 0.000 53.000 50.000 61.000 51.000 48.000 48.000 48.000 45.000 44.000 62.000 36.000 67.000 34.000 34.000 46.000 50.000 55.000 50.000 52.000 52.000
VBdist TRBV18*01 61.000 55.000 52.000 54.000 53.000 0.000 49.000 68.000 22.000 50.000 52.000 53.000 59.000 52.000 61.000 51.000 49.000 53.000 53.000 58.000 56.000 52.000 49.000 54.000 54.000
VBdist TRBV19*01 63.000 53.000 53.000 50.000 50.000 49.000 0.000 58.000 52.000 47.000 43.000 49.000 43.000 48.000 63.000 53.000 61.000 58.000 58.000 54.000 56.000 56.000 44.000 56.000 56.000
VBdist TRBV20*01 62.000 59.000 61.000 58.000 61.000 68.000 58.000 0.000 67.000 64.000 67.000 68.000 58.000 68.000 54.000 62.000 60.000 67.000 67.000 67.000 70.000 69.000 59.000 69.000 69.000
VBdist TRBV21*01 52.000 53.000 40.000 42.000 51.000 22.000 52.000 67.000 0.000 56.000 50.000 53.000 57.000 50.000 61.000 46.000 54.000 45.000 45.000 45.000 51.000 47.000 51.000 39.000 39.000
VBdist TRBV22*01 62.000 57.000 48.000 57.000 48.000 50.000 47.000 64.000 56.000 0.000 46.000 50.000 49.000 46.000 64.000 44.000 62.000 43.000 47.000 60.000 62.000 61.000 59.000 58.000 58.000
VBdist TRBV24*01 55.000 37.000 50.000 54.000 48.000 52.000 43.000 67.000 50.000 46.000 0.000 37.000 37.000 39.000 64.000 52.000 55.000 54.000 54.000 52.000 56.000 49.000 47.000 54.000 54.000
VBdist TRBV25*01 65.000 46.000 50.000 46.000 48.000 53.000 49.000 68.000 53.000 50.000 37.000 0.000 45.000 44.000 64.000 48.000 63.000 54.000 50.000 47.000 52.000 42.000 48.000 57.000 57.000
VBdist TRBV26*01 61.000 45.000 51.000 55.000 45.000 59.000 43.000 58.000 57.000 49.000 37.000 45.000 0.000 41.000 51.000 48.000 62.000 49.000 47.000 50.000 56.000 48.000 54.000 54.000 54.000
VBdist TRBV27*01 57.000 41.000 50.000 52.000 44.000 52.000 48.000 68.000 50.000 46.000 39.000 44.000 41.000 0.000 63.000 39.000 56.000 49.000 48.000 50.000 57.000 54.000 44.000 49.000 49.000
VBdist TRBV29*01 72.000 55.000 59.000 55.000 62.000 61.000 63.000 54.000 61.000 64.000 64.000 64.000 51.000 63.000 0.000 54.000 65.000 61.000 61.000 64.000 65.000 63.000 67.000 67.000 67.000
VBdist TRBV3*01 56.000 50.000 36.000 35.000 36.000 51.000 53.000 62.000 46.000 44.000 52.000 48.000 48.000 39.000 54.000 0.000 60.000 29.000 25.000 40.000 56.000 54.000 53.000 49.000 49.000
VBdist TRBV30*01 55.000 60.000 58.000 60.000 67.000 49.000 61.000 60.000 54.000 62.000 55.000 63.000 62.000 56.000 65.000 60.000 0.000 68.000 68.000 60.000 64.000 64.000 56.000 66.000 66.000
VBdist TRBV4-1*01 62.000 57.000 40.000 43.000 34.000 53.000 58.000 67.000 45.000 43.000 54.000 54.000 49.000 49.000 61.000 29.000 68.000 0.000 4.000 41.000 51.000 50.000 53.000 48.000 48.000
VBdist TRBV4-2*01 62.000 57.000 44.000 43.000 34.000 53.000 58.000 67.000 45.000 47.000 54.000 50.000 47.000 48.000 61.000 25.000 68.000 4.000 0.000 37.000 51.000 50.000 52.000 46.000 46.000
VBdist TRBV5-2*01 60.000 60.000 36.000 40.000 46.000 58.000 54.000 67.000 45.000 60.000 52.000 47.000 50.000 50.000 64.000 40.000 60.000 41.000 37.000 0.000 32.000 32.000 58.000 39.000 39.000
VBdist TRBV5-3*01 67.000 58.000 39.000 44.000 50.000 56.000 56.000 70.000 51.000 62.000 56.000 52.000 56.000 57.000 65.000 56.000 64.000 51.000 51.000 32.000 0.000 35.000 59.000 51.000 51.000
VBdist TRBV5-4*01 63.000 52.000 43.000 44.000 55.000 52.000 56.000 69.000 47.000 61.000 49.000 42.000 48.000 54.000 63.000 54.000 64.000 50.000 50.000 32.000 35.000 0.000 54.000 52.000 52.000
VBdist TRBV6*01 60.000 41.000 58.000 52.000 50.000 49.000 44.000 59.000 51.000 59.000 47.000 48.000 54.000 44.000 67.000 53.000 56.000 53.000 52.000 58.000 59.000 54.000 0.000 63.000 63.000
VBdist TRBV7-1*01 64.000 60.000 38.000 37.000 52.000 54.000 56.000 69.000 39.000 58.000 54.000 57.000 54.000 49.000 67.000 49.000 66.000 48.000 46.000 39.000 51.000 52.000 63.000 0.000 0.000
VBdist TRBV7-2*01 64.000 60.000 38.000 37.000 52.000 54.000 56.000 69.000 39.000 58.000 54.000 57.000 54.000 49.000 67.000 49.000 66.000 48.000 46.000 39.000 51.000 52.000 63.000 0.000 0.000
